netcdf totwnd_500_04-26-84_30-70 {
dimensions:
	longitude = 240 ;
	latitude = 27 ;
	levelist = 1 ;
	time = UNLIMITED ; // (1 currently)
variables:
	float longitude(longitude) ;
		longitude:standard_name = "longitude" ;
		longitude:long_name = "longitude" ;
		longitude:units = "degrees_east" ;
		longitude:axis = "X" ;
	float latitude(latitude) ;
		latitude:standard_name = "latitude" ;
		latitude:long_name = "latitude" ;
		latitude:units = "degrees_north" ;
		latitude:axis = "Y" ;
	double levelist(levelist) ;
		levelist:standard_name = "air_pressure" ;
		levelist:long_name = "pressure_level" ;
		levelist:units = "millibars" ;
		levelist:positive = "down" ;
		levelist:axis = "Z" ;
	double time(time) ;
		time:standard_name = "time" ;
		time:units = "hours since 1900-01-01 00:00:00" ;
		time:calendar = "standard" ;
	short u(time, levelist, latitude, longitude) ;
		u:long_name = "U component of wind" ;
		u:units = "m s**-1" ;
		u:add_offset = 21.0856146263798 ;
		u:scale_factor = 0.00264983895220381 ;
		u:_FillValue = -32767s ;
	short v(time, levelist, latitude, longitude) ;
		v:long_name = "V component of wind" ;
		v:units = "m s**-1" ;
		v:add_offset = -0.490301303692384 ;
		v:scale_factor = 0.00263803464941567 ;
		v:_FillValue = -32767s ;

// global attributes:
		:CDI = "Climate Data Interface version 1.5.5 (http://code.zmaw.de/projects/cdi)" ;
		:Conventions = "CF-1.0" ;
		:history = "Sat Nov 16 12:50:56 2013: cdo sellonlatbox totwnd_500_04-26-84.nc totwnd_500_04-26-84_30-70.nc\n",
			"Sat Nov 16 12:46:09 2013: cdo seldate totwnd8084_500.nc totwnd_500_04-26-84.nc\n",
			"Sat Nov 16 12:42:34 2013: cdo sellevel totwnd8084.nc totwnd8084_500.nc\n",
			"2013-11-16 10:28:16 GMT by mars2netcdf-0.92" ;
		:CDO = "Climate Data Operators version 1.5.5 (http://code.zmaw.de/projects/cdo)" ;
data:

 longitude = -180, -178.5, -177, -175.5, -174, -172.5, -171, -169.5, -168, 
    -166.5, -165, -163.5, -162, -160.5, -159, -157.5, -156, -154.5, -153, 
    -151.5, -150, -148.5, -147, -145.5, -144, -142.5, -141, -139.5, -138, 
    -136.5, -135, -133.5, -132, -130.5, -129, -127.5, -126, -124.5, -123, 
    -121.5, -120, -118.5, -117, -115.5, -114, -112.5, -111, -109.5, -108, 
    -106.5, -105, -103.5, -102, -100.5, -99, -97.5, -96, -94.5, -93, -91.5, 
    -90, -88.5, -87, -85.5, -84, -82.5, -81, -79.5, -78, -76.5, -75, -73.5, 
    -72, -70.5, -69, -67.5, -66, -64.5, -63, -61.5, -60, -58.5, -57, -55.5, 
    -54, -52.5, -51, -49.5, -48, -46.5, -45, -43.5, -42, -40.5, -39, -37.5, 
    -36, -34.5, -33, -31.5, -30, -28.5, -27, -25.5, -24, -22.5, -21, -19.5, 
    -18, -16.5, -15, -13.5, -12, -10.5, -9, -7.5, -6, -4.5, -3, -1.5, 0, 1.5, 
    3, 4.5, 6, 7.5, 9, 10.5, 12, 13.5, 15, 16.5, 18, 19.5, 21, 22.5, 24, 
    25.5, 27, 28.5, 30, 31.5, 33, 34.5, 36, 37.5, 39, 40.5, 42, 43.5, 45, 
    46.5, 48, 49.5, 51, 52.5, 54, 55.5, 57, 58.5, 60, 61.5, 63, 64.5, 66, 
    67.5, 69, 70.5, 72, 73.5, 75, 76.5, 78, 79.5, 81, 82.5, 84, 85.5, 87, 
    88.5, 90, 91.5, 93, 94.5, 96, 97.5, 99, 100.5, 102, 103.5, 105, 106.5, 
    108, 109.5, 111, 112.5, 114, 115.5, 117, 118.5, 120, 121.5, 123, 124.5, 
    126, 127.5, 129, 130.5, 132, 133.5, 135, 136.5, 138, 139.5, 141, 142.5, 
    144, 145.5, 147, 148.5, 150, 151.5, 153, 154.5, 156, 157.5, 159, 160.5, 
    162, 163.5, 165, 166.5, 168, 169.5, 171, 172.5, 174, 175.5, 177, 178.5 ;

 latitude = 69, 67.5, 66, 64.5, 63, 61.5, 60, 58.5, 57, 55.5, 54, 52.5, 51, 
    49.5, 48, 46.5, 45, 43.5, 42, 40.5, 39, 37.5, 36, 34.5, 33, 31.5, 30 ;

 levelist = 500 ;

 time = 739104 ;

 u =
  -7580, -8214, -8676, -9013, -9239, -9333, -9268, -9037, -8654, -8136, 
    -7485, -6685, -5716, -4584, -3331, -2046, -838, 181, 909, 1271, 1224, 
    769, -34, -1062, -2146, -3115, -3841, -4273, -4439, -4412, -4278, -4107, 
    -3961, -3890, -3942, -4141, -4469, -4867, -5254, -5563, -5762, -5859, 
    -5884, -5862, -5802, -5702, -5558, -5371, -5149, -4907, -4663, -4443, 
    -4274, -4186, -4189, -4273, -4402, -4535, -4636, -4686, -4674, -4590, 
    -4428, -4193, -3914, -3642, -3432, -3314, -3298, -3374, -3529, -3753, 
    -4030, -4326, -4587, -4769, -4850, -4853, -4819, -4783, -4753, -4719, 
    -4690, -4705, -4836, -5132, -5577, -6069, -6451, -6570, -6358, -5862, 
    -5229, -4640, -4234, -4049, -4019, -4013, -3910, -3655, -3275, -2861, 
    -2525, -2361, -2420, -2701, -3137, -3608, -3961, -4073, -3889, -3457, 
    -2891, -2327, -1869, -1562, -1402, -1360, -1401, -1490, -1607, -1754, 
    -1949, -2212, -2544, -2913, -3285, -3664, -4120, -4755, -5623, -6655, 
    -7659, -8405, -8753, -8741, -8567, -8478, -8640, -9065, -9636, -10193, 
    -10613, -10855, -10939, -10910, -10813, -10682, -10550, -10440, -10354, 
    -10274, -10162, -9985, -9730, -9406, -9037, -8637, -8217, -7787, -7367, 
    -6985, -6661, -6379, -6098, -5768, -5368, -4923, -4494, -4138, -3881, 
    -3714, -3619, -3591, -3640, -3776, -3984, -4228, -4471, -4694, -4907, 
    -5122, -5335, -5517, -5633, -5663, -5613, -5504, -5358, -5178, -4957, 
    -4690, -4387, -4081, -3816, -3639, -3580, -3637, -3766, -3886, -3906, 
    -3755, -3400, -2837, -2085, -1165, -107, 1039, 2200, 3295, 4253, 5035, 
    5623, 6010, 6183, 6113, 5780, 5189, 4389, 3468, 2537, 1701, 1029, 537, 
    187, -92, -363, -653, -933, -1137, -1211, -1162, -1080, -1120, -1441, 
    -2131, -3160, -4390, -5631, -6722,
  -5557, -6386, -6940, -7180, -7124, -6821, -6329, -5683, -4888, -3936, 
    -2819, -1567, -254, 1015, 2129, 3006, 3604, 3925, 3994, 3843, 3484, 2919, 
    2156, 1229, 212, -802, -1736, -2552, -3241, -3786, -4141, -4252, -4117, 
    -3823, -3540, -3449, -3653, -4132, -4769, -5414, -5961, -6379, -6690, 
    -6927, -7098, -7180, -7132, -6937, -6602, -6168, -5680, -5181, -4697, 
    -4246, -3835, -3454, -3081, -2691, -2272, -1833, -1402, -1009, -670, 
    -403, -228, -176, -265, -479, -766, -1068, -1350, -1618, -1902, -2218, 
    -2555, -2885, -3190, -3476, -3757, -4023, -4234, -4340, -4344, -4331, 
    -4440, -4786, -5377, -6088, -6717, -7083, -7117, -6880, -6525, -6210, 
    -6030, -5983, -5983, -5918, -5716, -5386, -5003, -4665, -4442, -4351, 
    -4366, -4443, -4530, -4576, -4538, -4402, -4202, -4008, -3873, -3793, 
    -3704, -3538, -3280, -2983, -2725, -2548, -2442, -2388, -2404, -2556, 
    -2889, -3373, -3905, -4396, -4862, -5429, -6226, -7244, -8285, -9071, 
    -9428, -9417, -9292, -9331, -9651, -10153, -10621, -10876, -10877, 
    -10706, -10482, -10288, -10157, -10111, -10188, -10425, -10821, -11299, 
    -11718, -11937, -11870, -11526, -10986, -10348, -9683, -9016, -8352, 
    -7697, -7072, -6493, -5955, -5432, -4905, -4387, -3926, -3572, -3347, 
    -3233, -3192, -3196, -3227, -3269, -3293, -3274, -3215, -3163, -3182, 
    -3305, -3500, -3693, -3813, -3834, -3781, -3693, -3587, -3456, -3291, 
    -3102, -2916, -2750, -2599, -2439, -2237, -1965, -1594, -1096, -462, 292, 
    1121, 1982, 2850, 3718, 4559, 5304, 5853, 6125, 6105, 5840, 5396, 4812, 
    4084, 3199, 2177, 1088, 38, -878, -1602, -2125, -2471, -2678, -2790, 
    -2845, -2881, -2921, -2972, -3014, -3003, -2896, -2676, -2382, -2115, 
    -2013, -2199, -2730, -3561, -4562,
  -1609, -2078, -2456, -2613, -2528, -2268, -1933, -1583, -1223, -813, -328, 
    214, 757, 1236, 1608, 1856, 1969, 1937, 1760, 1462, 1075, 626, 120, -447, 
    -1060, -1685, -2282, -2838, -3355, -3818, -4169, -4325, -4237, -3939, 
    -3551, -3221, -3067, -3146, -3452, -3931, -4502, -5074, -5578, -5972, 
    -6240, -6367, -6337, -6148, -5837, -5475, -5139, -4867, -4645, -4438, 
    -4215, -3971, -3703, -3404, -3063, -2690, -2313, -1965, -1660, -1398, 
    -1176, -1015, -945, -984, -1111, -1278, -1434, -1554, -1638, -1701, 
    -1751, -1795, -1845, -1932, -2094, -2354, -2679, -2995, -3235, -3412, 
    -3637, -4057, -4741, -5615, -6485, -7160, -7549, -7686, -7675, -7607, 
    -7526, -7428, -7289, -7083, -6796, -6448, -6095, -5821, -5696, -5739, 
    -5899, -6075, -6154, -6057, -5784, -5431, -5160, -5119, -5349, -5735, 
    -6065, -6156, -5967, -5613, -5259, -4990, -4766, -4493, -4150, -3846, 
    -3747, -3940, -4363, -4867, -5357, -5885, -6594, -7567, -8712, -9792, 
    -10576, -10981, -11079, -10990, -10769, -10392, -9841, -9188, -8587, 
    -8183, -8022, -8052, -8190, -8397, -8689, -9090, -9576, -10071, -10469, 
    -10684, -10680, -10470, -10100, -9621, -9066, -8448, -7774, -7069, -6384, 
    -5772, -5252, -4793, -4329, -3813, -3248, -2689, -2216, -1901, -1788, 
    -1887, -2159, -2520, -2851, -3056, -3112, -3078, -3056, -3106, -3213, 
    -3305, -3315, -3234, -3101, -2959, -2823, -2675, -2498, -2293, -2058, 
    -1766, -1366, -824, -160, 566, 1293, 1994, 2663, 3288, 3852, 4351, 4811, 
    5254, 5629, 5800, 5611, 4985, 3985, 2766, 1483, 226, -970, -2075, -3035, 
    -3796, -4348, -4734, -5026, -5279, -5514, -5727, -5910, -6055, -6159, 
    -6214, -6215, -6164, -6055, -5864, -5530, -4984, -4202, -3252, -2302, 
    -1563, -1200, -1251,
  392, 1239, 1758, 2020, 2085, 1995, 1787, 1528, 1313, 1222, 1265, 1374, 
    1461, 1488, 1478, 1463, 1429, 1311, 1044, 619, 86, -486, -1050, -1593, 
    -2117, -2616, -3093, -3563, -4038, -4494, -4862, -5066, -5071, -4906, 
    -4620, -4254, -3850, -3488, -3279, -3298, -3528, -3863, -4200, -4503, 
    -4795, -5077, -5283, -5321, -5159, -4882, -4642, -4564, -4681, -4931, 
    -5222, -5472, -5610, -5566, -5291, -4780, -4092, -3316, -2527, -1767, 
    -1057, -430, 69, 393, 520, 459, 247, -56, -393, -730, -1066, -1401, 
    -1717, -1981, -2181, -2356, -2560, -2800, -3014, -3151, -3271, -3546, 
    -4136, -5031, -6024, -6857, -7403, -7721, -7951, -8161, -8310, -8318, 
    -8156, -7866, -7516, -7148, -6793, -6498, -6335, -6342, -6479, -6626, 
    -6656, -6518, -6278, -6077, -6049, -6251, -6650, -7151, -7637, -8000, 
    -8172, -8140, -7942, -7637, -7269, -6849, -6382, -5909, -5517, -5300, 
    -5301, -5496, -5836, -6309, -6958, -7837, -8929, -10117, -11221, -12059, 
    -12504, -12491, -12027, -11202, -10196, -9227, -8466, -7961, -7648, 
    -7429, -7258, -7150, -7124, -7154, -7188, -7206, -7246, -7359, -7536, 
    -7677, -7657, -7407, -6962, -6434, -5931, -5502, -5140, -4814, -4500, 
    -4184, -3858, -3509, -3132, -2731, -2330, -1964, -1688, -1555, -1597, 
    -1797, -2095, -2413, -2702, -2955, -3194, -3436, -3674, -3880, -4023, 
    -4093, -4108, -4096, -4078, -4046, -3977, -3840, -3601, -3230, -2719, 
    -2103, -1457, -834, -220, 469, 1298, 2234, 3139, 3853, 4261, 4308, 3955, 
    3175, 2007, 596, -842, -2140, -3252, -4214, -5047, -5722, -6228, -6663, 
    -7225, -8082, -9231, -10482, -11584, -12371, -12834, -13061, -13142, 
    -13107, -12929, -12584, -12081, -11459, -10740, -9890, -8830, -7489, 
    -5875, -4103, -2356, -817,
  -524, 824, 1826, 2430, 2644, 2517, 2140, 1648, 1206, 934, 841, 833, 807, 
    735, 660, 611, 558, 437, 213, -116, -536, -1035, -1594, -2181, -2759, 
    -3314, -3874, -4485, -5153, -5800, -6302, -6584, -6682, -6705, -6708, 
    -6633, -6378, -5918, -5336, -4750, -4239, -3846, -3638, -3684, -3984, 
    -4416, -4798, -5021, -5138, -5319, -5724, -6376, -7132, -7754, -8030, 
    -7850, -7222, -6237, -5025, -3737, -2515, -1452, -581, 126, 694, 1135, 
    1453, 1670, 1809, 1881, 1877, 1789, 1631, 1405, 1071, 576, -77, -794, 
    -1442, -1960, -2396, -2827, -3248, -3575, -3777, -3978, -4388, -5094, 
    -5949, -6686, -7161, -7464, -7791, -8224, -8646, -8867, -8797, -8506, 
    -8138, -7800, -7528, -7334, -7241, -7255, -7303, -7242, -6974, -6569, 
    -6255, -6244, -6549, -6985, -7355, -7651, -8043, -8670, -9444, -10059, 
    -10201, -9773, -8959, -8088, -7416, -7005, -6752, -6524, -6277, -6072, 
    -6016, -6176, -6562, -7166, -7993, -9039, -10212, -11300, -12035, -12237, 
    -11914, -11244, -10454, -9684, -8951, -8213, -7464, -6771, -6230, -5883, 
    -5688, -5559, -5448, -5395, -5475, -5696, -5939, -6003, -5733, -5137, 
    -4387, -3704, -3218, -2896, -2603, -2226, -1758, -1290, -937, -757, -737, 
    -810, -903, -958, -962, -945, -969, -1094, -1352, -1747, -2243, -2772, 
    -3259, -3673, -4043, -4424, -4825, -5183, -5422, -5531, -5556, -5545, 
    -5488, -5333, -5047, -4637, -4137, -3567, -2923, -2173, -1281, -248, 839, 
    1796, 2409, 2535, 2149, 1313, 122, -1298, -2757, -4031, -4965, -5577, 
    -6034, -6512, -7069, -7683, -8385, -9321, -10631, -12240, -13815, -14925, 
    -15316, -15046, -14385, -13624, -12928, -12344, -11856, -11434, -11042, 
    -10645, -10213, -9700, -9035, -8129, -6930, -5457, -3805, -2112,
  -2161, -1436, -776, -296, -65, -82, -292, -603, -888, -1040, -1049, -986, 
    -908, -794, -616, -424, -333, -408, -613, -894, -1254, -1731, -2301, 
    -2866, -3344, -3743, -4163, -4701, -5370, -6075, -6686, -7146, -7508, 
    -7843, -8100, -8111, -7751, -7081, -6302, -5582, -4989, -4577, -4427, 
    -4563, -4852, -5083, -5189, -5342, -5792, -6602, -7565, -8321, -8556, 
    -8120, -7057, -5571, -3959, -2510, -1413, -730, -432, -421, -570, -763, 
    -929, -1052, -1122, -1113, -989, -746, -424, -81, 244, 531, 757, 866, 
    782, 464, -51, -682, -1382, -2156, -2989, -3776, -4363, -4707, -4952, 
    -5318, -5898, -6602, -7271, -7840, -8339, -8793, -9153, -9341, -9324, 
    -9140, -8862, -8565, -8311, -8147, -8105, -8171, -8249, -8165, -7793, 
    -7210, -6714, -6586, -6835, -7183, -7331, -7250, -7187, -7428, -8049, 
    -8871, -9581, -9893, -9683, -9049, -8273, -7658, -7334, -7202, -7061, 
    -6809, -6509, -6275, -6150, -6121, -6248, -6675, -7464, -8398, -9039, 
    -9047, -8454, -7613, -6864, -6275, -5688, -4976, -4207, -3565, -3168, 
    -2984, -2918, -2945, -3132, -3544, -4133, -4721, -5075, -5023, -4524, 
    -3677, -2675, -1722, -936, -317, 214, 704, 1102, 1307, 1280, 1091, 864, 
    675, 530, 402, 277, 142, -33, -280, -619, -1058, -1590, -2165, -2706, 
    -3176, -3635, -4180, -4815, -5396, -5763, -5896, -5918, -5943, -5962, 
    -5887, -5683, -5385, -5020, -4536, -3846, -2930, -1899, -969, -376, -280, 
    -690, -1471, -2425, -3398, -4311, -5121, -5781, -6264, -6613, -6922, 
    -7272, -7695, -8209, -8893, -9859, -11120, -12461, -13471, -13770, 
    -13275, -12267, -11186, -10334, -9727, -9206, -8663, -8130, -7701, -7398, 
    -7155, -6898, -6587, -6192, -5674, -5025, -4299, -3573, -2871,
  -4171, -3852, -3612, -3589, -3800, -4112, -4381, -4547, -4592, -4480, 
    -4211, -3850, -3462, -3050, -2629, -2312, -2251, -2469, -2837, -3244, 
    -3687, -4186, -4640, -4891, -4901, -4822, -4857, -5102, -5498, -5890, 
    -6159, -6330, -6554, -6922, -7280, -7297, -6807, -6019, -5346, -5020, 
    -4971, -5035, -5155, -5340, -5538, -5705, -5953, -6488, -7300, -8029, 
    -8202, -7620, -6457, -5056, -3713, -2645, -2027, -1931, -2251, -2753, 
    -3214, -3527, -3698, -3779, -3828, -3860, -3846, -3750, -3569, -3325, 
    -3013, -2619, -2168, -1733, -1348, -981, -619, -365, -389, -754, -1365, 
    -2079, -2836, -3611, -4319, -4851, -5214, -5577, -6130, -6914, -7803, 
    -8598, -9129, -9331, -9291, -9212, -9260, -9410, -9496, -9405, -9195, 
    -9000, -8898, -8875, -8874, -8811, -8604, -8261, -7929, -7782, -7831, 
    -7902, -7815, -7527, -7089, -6561, -6081, -5934, -6389, -7383, -8427, 
    -8958, -8792, -8231, -7708, -7390, -7150, -6845, -6509, -6227, -5912, 
    -5357, -4564, -3905, -3830, -4368, -5029, -5251, -4926, -4411, -4062, 
    -3856, -3506, -2854, -2046, -1325, -777, -317, 112, 435, 537, 410, 160, 
    -112, -384, -650, -826, -762, -385, 190, 726, 1050, 1161, 1152, 1059, 
    830, 444, 5, -336, -509, -550, -507, -390, -226, -99, -104, -275, -592, 
    -1040, -1587, -2154, -2652, -3087, -3560, -4109, -4622, -4962, -5153, 
    -5358, -5685, -6069, -6378, -6553, -6593, -6447, -6036, -5388, -4698, 
    -4211, -4059, -4215, -4553, -4929, -5237, -5463, -5670, -5915, -6165, 
    -6363, -6545, -6844, -7326, -7887, -8383, -8859, -9545, -10560, -11671, 
    -12406, -12463, -11980, -11426, -11214, -11417, -11782, -11972, -11821, 
    -11403, -10908, -10453, -9990, -9414, -8713, -7988, -7322, -6687, -6027, 
    -5382, -4858, -4484,
  -5777, -5964, -6297, -6812, -7429, -7935, -8189, -8243, -8197, -8010, 
    -7554, -6796, -5838, -4800, -3773, -2865, -2184, -1733, -1410, -1178, 
    -1116, -1279, -1556, -1784, -1946, -2194, -2686, -3440, -4326, -5118, 
    -5599, -5733, -5745, -5927, -6293, -6516, -6305, -5783, -5391, -5425, 
    -5783, -6169, -6423, -6588, -6760, -6997, -7313, -7603, -7586, -6967, 
    -5801, -4584, -3873, -3824, -4170, -4578, -4926, -5209, -5394, -5439, 
    -5397, -5368, -5380, -5399, -5418, -5430, -5345, -5051, -4575, -4085, 
    -3691, -3327, -2910, -2506, -2249, -2127, -1998, -1817, -1728, -1890, 
    -2270, -2707, -3107, -3502, -3939, -4420, -4940, -5537, -6239, -7051, 
    -7979, -8996, -9916, -10409, -10302, -9832, -9485, -9523, -9779, -9933, 
    -9876, -9728, -9615, -9559, -9551, -9594, -9665, -9725, -9795, -9908, 
    -9989, -9872, -9505, -9012, -8487, -7833, -6950, -6045, -5596, -5908, 
    -6797, -7753, -8369, -8564, -8448, -8106, -7586, -7019, -6615, -6426, 
    -6164, -5388, -3992, -2436, -1408, -1200, -1493, -1764, -1825, -1864, 
    -2032, -2171, -2019, -1571, -1093, -795, -615, -363, 17, 432, 841, 1340, 
    2004, 2691, 3095, 3016, 2553, 2009, 1619, 1361, 1028, 485, -171, -712, 
    -1008, -1132, -1235, -1377, -1513, -1602, -1651, -1653, -1550, -1331, 
    -1086, -929, -891, -949, -1138, -1517, -2033, -2515, -2857, -3126, -3443, 
    -3821, -4205, -4637, -5226, -5985, -6798, -7573, -8307, -8897, -9039, 
    -8486, -7424, -6449, -6069, -6299, -6770, -7131, -7261, -7196, -7020, 
    -6847, -6774, -6784, -6778, -6755, -6877, -7272, -7855, -8468, -9143, 
    -10048, -11127, -11956, -12145, -11851, -11760, -12444, -13793, -15107, 
    -15733, -15525, -14786, -13896, -13060, -12324, -11657, -11009, -10342, 
    -9646, -8924, -8158, -7342, -6564, -5998, -5752,
  -7582, -8417, -9271, -9998, -10598, -11094, -11460, -11664, -11672, -11379, 
    -10647, -9473, -8065, -6667, -5368, -4121, -2888, -1694, -589, 387, 1195, 
    1816, 2273, 2587, 2726, 2607, 2140, 1240, -132, -1867, -3651, -5105, 
    -6033, -6502, -6662, -6585, -6324, -6067, -6104, -6597, -7401, -8173, 
    -8635, -8742, -8604, -8307, -7824, -7076, -6078, -5069, -4484, -4682, 
    -5615, -6798, -7687, -8091, -8133, -7904, -7368, -6627, -6058, -5967, 
    -6226, -6449, -6470, -6439, -6437, -6280, -5794, -5125, -4575, -4242, 
    -3988, -3697, -3417, -3233, -3148, -3115, -3130, -3220, -3391, -3637, 
    -3942, -4254, -4488, -4635, -4813, -5172, -5753, -6524, -7558, -9014, 
    -10795, -12320, -12885, -12341, -11309, -10600, -10474, -10586, -10530, 
    -10258, -9979, -9864, -9952, -10191, -10477, -10721, -10967, -11348, 
    -11839, -12153, -11990, -11357, -10524, -9712, -8938, -8180, -7537, 
    -7180, -7216, -7620, -8239, -8826, -9126, -9025, -8626, -8164, -7802, 
    -7483, -6969, -6039, -4699, -3230, -1984, -1159, -732, -599, -709, -1023, 
    -1394, -1582, -1470, -1204, -1066, -1173, -1376, -1445, -1306, -1028, 
    -656, -163, 440, 1027, 1427, 1543, 1377, 975, 387, -315, -1033, -1654, 
    -2093, -2316, -2355, -2292, -2229, -2223, -2282, -2383, -2518, -2649, 
    -2712, -2657, -2513, -2338, -2144, -1930, -1799, -1914, -2313, -2829, 
    -3254, -3546, -3803, -4099, -4469, -5001, -5799, -6819, -7889, -8943, 
    -10098, -11312, -12094, -11839, -10558, -9052, -8173, -8044, -8180, 
    -8227, -8268, -8436, -8557, -8379, -7925, -7437, -7060, -6818, -6784, 
    -7078, -7681, -8427, -9198, -9997, -10751, -11229, -11310, -11301, 
    -11789, -13080, -14824, -16304, -17051, -17122, -16772, -16043, -14801, 
    -13133, -11518, -10470, -10053, -9848, -9405, -8640, -7794, -7146, -6857, 
    -7008,
  -9897, -10735, -11565, -12167, -12699, -13446, -14292, -14779, -14628, 
    -13938, -12896, -11575, -10116, -8805, -7782, -6822, -5607, -4147, -2739, 
    -1570, -549, 457, 1422, 2263, 2985, 3617, 4055, 4068, 3423, 1989, -177, 
    -2733, -5064, -6569, -7065, -6919, -6728, -6841, -7222, -7677, -8082, 
    -8358, -8413, -8213, -7855, -7454, -7015, -6541, -6227, -6387, -7131, 
    -8196, -9128, -9613, -9672, -9605, -9718, -9985, -10046, -9637, -8959, 
    -8441, -8192, -7934, -7507, -7148, -7129, -7332, -7395, -7158, -6773, 
    -6462, -6291, -6176, -5990, -5676, -5326, -5097, -5013, -4928, -4748, 
    -4589, -4626, -4835, -4995, -4939, -4738, -4640, -4875, -5483, -6363, 
    -7474, -8920, -10650, -12156, -12767, -12379, -11634, -11196, -11072, 
    -10854, -10426, -10070, -10006, -10171, -10453, -10838, -11278, -11665, 
    -12013, -12433, -12862, -12990, -12587, -11762, -10826, -10003, -9357, 
    -8893, -8604, -8458, -8424, -8500, -8672, -8857, -8944, -8880, -8680, 
    -8346, -7822, -7077, -6176, -5231, -4281, -3320, -2442, -1880, -1797, 
    -2064, -2343, -2396, -2240, -2024, -1859, -1792, -1831, -1934, -2006, 
    -1959, -1779, -1553, -1432, -1520, -1770, -1999, -2055, -1970, -1924, 
    -2068, -2386, -2723, -2921, -2944, -2883, -2848, -2868, -2913, -2978, 
    -3087, -3243, -3409, -3543, -3600, -3554, -3429, -3305, -3254, -3252, 
    -3228, -3187, -3235, -3443, -3741, -4019, -4264, -4546, -4929, -5476, 
    -6300, -7442, -8724, -9923, -11085, -12380, -13534, -13757, -12620, 
    -10799, -9490, -9116, -9092, -8873, -8682, -8923, -9399, -9531, -9135, 
    -8523, -7975, -7513, -7171, -7146, -7558, -8252, -8939, -9442, -9770, 
    -10031, -10343, -10796, -11442, -12300, -13294, -14235, -14930, -15362, 
    -15654, -15765, -15326, -13997, -12055, -10369, -9598, -9510, -9375, 
    -8908, -8488, -8489, -8820, -9276,
  -11242, -11762, -12525, -13286, -14110, -15152, -16029, -16094, -15347, 
    -14484, -13871, -13062, -11647, -10053, -8957, -8249, -7219, -5652, 
    -4082, -2944, -2086, -1267, -558, -30, 560, 1445, 2506, 3425, 3960, 3862, 
    2778, 551, -2377, -5090, -6871, -7715, -8116, -8420, -8518, -8202, -7606, 
    -7132, -7006, -7132, -7349, -7609, -7890, -8139, -8390, -8738, -9134, 
    -9391, -9481, -9590, -9814, -10033, -10221, -10579, -11157, -11601, 
    -11522, -10956, -10232, -9551, -8943, -8492, -8323, -8423, -8660, -8921, 
    -9127, -9226, -9283, -9426, -9608, -9577, -9208, -8661, -8102, -7449, 
    -6585, -5642, -4886, -4433, -4211, -4088, -3927, -3685, -3592, -3923, 
    -4503, -4822, -4890, -5497, -7140, -9150, -10448, -10816, -10799, -10666, 
    -10268, -9783, -9716, -10104, -10415, -10413, -10469, -10828, -11118, 
    -10911, -10328, -9787, -9464, -9307, -9327, -9530, -9725, -9694, -9511, 
    -9425, -9491, -9515, -9385, -9235, -9201, -9189, -9006, -8610, -8110, 
    -7564, -6919, -6156, -5375, -4685, -4119, -3705, -3527, -3593, -3692, 
    -3580, -3293, -3145, -3350, -3796, -4237, -4553, -4768, -4918, -5021, 
    -5111, -5244, -5428, -5560, -5453, -5001, -4338, -3743, -3370, -3161, 
    -3025, -2982, -3069, -3240, -3424, -3601, -3774, -3911, -3977, -3973, 
    -3924, -3876, -3901, -4071, -4342, -4549, -4584, -4544, -4561, -4550, 
    -4329, -3970, -3791, -3929, -4194, -4446, -4809, -5377, -5994, -6574, 
    -7335, -8434, -9640, -10726, -11893, -13229, -13998, -13238, -11170, 
    -9226, -8430, -8397, -8272, -7948, -7825, -7920, -7903, -7718, -7578, 
    -7493, -7268, -6915, -6693, -6779, -7135, -7631, -8125, -8534, -8935, 
    -9511, -10273, -10973, -11407, -11672, -11937, -12104, -11985, -11797, 
    -12096, -12939, -13445, -12701, -10987, -9543, -9085, -9170, -9204, 
    -9315, -9836, -10529, -10962,
  -11661, -12083, -12823, -13700, -14700, -15704, -16128, -15526, -14471, 
    -14098, -14538, -14517, -13020, -10776, -9261, -8671, -7940, -6561, 
    -5192, -4364, -3758, -3049, -2469, -2178, -1822, -1074, -34, 1099, 2263, 
    3232, 3462, 2458, 146, -3020, -6190, -8510, -9669, -10011, -9975, -9648, 
    -9050, -8540, -8523, -8909, -9231, -9254, -9124, -8992, -8822, -8562, 
    -8230, -7861, -7569, -7543, -7771, -7950, -7945, -8129, -8937, -10234, 
    -11410, -11975, -11801, -10989, -9837, -8831, -8332, -8318, -8621, -9222, 
    -10082, -10923, -11486, -11856, -12225, -12518, -12503, -12123, -11449, 
    -10460, -9131, -7646, -6269, -5111, -4222, -3693, -3400, -2974, -2369, 
    -2090, -2391, -2686, -2439, -2214, -2995, -4814, -6817, -8396, -9400, 
    -9636, -9162, -8807, -9389, -10507, -11028, -10695, -10321, -10394, 
    -10417, -9843, -8891, -8070, -7521, -7221, -7380, -8149, -9160, -9826, 
    -10005, -10019, -10093, -10091, -9862, -9490, -9112, -8714, -8260, -7826, 
    -7500, -7230, -6880, -6390, -5870, -5512, -5408, -5441, -5402, -5206, 
    -4968, -4877, -5064, -5517, -6084, -6579, -6933, -7199, -7417, -7601, 
    -7801, -8051, -8248, -8185, -7740, -6964, -6067, -5356, -5069, -5150, 
    -5293, -5248, -5035, -4817, -4693, -4649, -4640, -4631, -4597, -4528, 
    -4426, -4288, -4113, -3984, -4127, -4692, -5438, -5865, -5786, -5498, 
    -5243, -4880, -4324, -3903, -3891, -4090, -4253, -4592, -5360, -6252, 
    -6784, -7054, -7558, -8349, -9094, -9872, -11101, -12457, -12760, -11428, 
    -9342, -7775, -7064, -6782, -6594, -6350, -5861, -5184, -4763, -4872, 
    -5245, -5549, -5820, -6098, -6153, -5913, -5767, -6050, -6591, -7071, 
    -7561, -8339, -9363, -10244, -10750, -11030, -11218, -11096, -10530, 
    -10078, -10526, -11684, -12292, -11527, -10058, -9140, -9159, -9643, 
    -10220, -10838, -11334, -11536,
  -11429, -11821, -12357, -12994, -13878, -14809, -15141, -14556, -13719, 
    -13724, -14667, -15158, -13868, -11337, -9307, -8380, -7611, -6402, 
    -5312, -4724, -4191, -3449, -2853, -2534, -2163, -1649, -1211, -777, -34, 
    984, 1885, 2228, 1464, -937, -4656, -8242, -10363, -11084, -11369, 
    -11645, -11586, -11121, -10745, -10697, -10553, -9963, -9187, -8556, 
    -7938, -7084, -6092, -5184, -4378, -3597, -2866, -2254, -1811, -1635, 
    -1879, -2727, -4337, -6638, -9033, -10580, -10754, -9973, -9132, -8755, 
    -8845, -9322, -10160, -11174, -12071, -12756, -13324, -13785, -14015, 
    -13938, -13570, -12882, -11828, -10535, -9233, -7978, -6720, -5586, 
    -4718, -3853, -2619, -1247, -356, -48, 154, 409, 252, -836, -2934, -5523, 
    -7552, -8235, -8128, -8698, -10354, -11794, -11836, -10994, -10509, 
    -10624, -10670, -10324, -9916, -9689, -9451, -9059, -8772, -8933, -9504, 
    -10121, -10513, -10674, -10676, -10535, -10274, -9938, -9529, -9058, 
    -8640, -8332, -8018, -7631, -7328, -7241, -7241, -7159, -7031, -6937, 
    -6806, -6605, -6514, -6702, -7090, -7449, -7660, -7771, -7910, -8164, 
    -8498, -8836, -9169, -9465, -9516, -9125, -8460, -8006, -8079, -8513, 
    -8872, -8887, -8623, -8266, -7862, -7365, -6838, -6420, -6111, -5764, 
    -5317, -4879, -4585, -4464, -4400, -4230, -4031, -4195, -4906, -5708, 
    -6029, -5882, -5618, -5252, -4627, -3978, -3709, -3792, -3937, -4200, 
    -4892, -5882, -6560, -6647, -6543, -6601, -6610, -6435, -6577, -7437, 
    -8470, -8750, -8061, -6933, -5968, -5533, -5669, -5952, -5820, -5270, 
    -4790, -4541, -4248, -3983, -4226, -4902, -5170, -4581, -3764, -3565, 
    -3986, -4421, -4622, -5043, -6221, -8003, -9613, -10494, -10759, -10637, 
    -9994, -8892, -8170, -8672, -10000, -10748, -10139, -8892, -8319, -8943, 
    -10195, -11171, -11460, -11366,
  -10658, -10815, -11173, -11670, -12479, -13533, -14357, -14488, -13975, 
    -13539, -13894, -14565, -14113, -12105, -9840, -8461, -7640, -6782, 
    -6038, -5532, -4956, -4302, -3841, -3381, -2566, -1637, -1085, -901, 
    -765, -542, -143, 525, 977, 78, -2759, -6545, -9479, -10698, -10877, 
    -11099, -11614, -11979, -11951, -11661, -11104, -10216, -9317, -8800, 
    -8510, -8009, -7241, -6479, -5861, -5271, -4513, -3452, -2117, -632, 884, 
    2214, 2844, 2118, -248, -3726, -7092, -9194, -9743, -9371, -8985, -9122, 
    -9792, -10751, -11762, -12638, -13210, -13421, -13364, -13173, -12937, 
    -12642, -12145, -11338, -10337, -9311, -8236, -7087, -6069, -5269, -4331, 
    -2879, -1060, 633, 1873, 2603, 2725, 1826, -492, -3699, -6274, -7384, 
    -8133, -9952, -12242, -13185, -12481, -11575, -11369, -11398, -11177, 
    -10899, -10723, -10488, -10200, -10056, -10058, -10081, -10167, -10382, 
    -10606, -10701, -10730, -10830, -10984, -11008, -10726, -10181, -9613, 
    -9153, -8696, -8237, -8018, -8147, -8357, -8376, -8228, -8037, -7828, 
    -7663, -7653, -7740, -7761, -7795, -8111, -8758, -9467, -9952, -10086, 
    -9887, -9569, -9463, -9686, -9991, -10098, -10083, -10216, -10493, 
    -10544, -10075, -9248, -8454, -7836, -7243, -6609, -6093, -5795, -5607, 
    -5399, -5133, -4791, -4441, -4260, -4234, -4113, -3890, -3929, -4365, 
    -4855, -5108, -5178, -5136, -4900, -4468, -4045, -3824, -3796, -3894, 
    -4230, -4851, -5349, -5237, -4727, -4374, -4077, -3336, -2395, -2117, 
    -2776, -3829, -4690, -5108, -5094, -4950, -5069, -5428, -5648, -5583, 
    -5390, -4993, -4174, -3282, -3115, -3767, -4283, -3813, -2602, -1562, 
    -1248, -1454, -1599, -1508, -1713, -2717, -4141, -5126, -5403, -5408, 
    -5456, -5423, -5343, -5768, -7101, -8705, -9301, -8483, -7404, -7525, 
    -8960, -10491, -11078, -10869,
  -9630, -9416, -9557, -9782, -10108, -10905, -12277, -13596, -13919, -13205, 
    -12629, -12900, -13000, -11825, -9996, -8699, -7967, -7314, -6723, -6207, 
    -5618, -5108, -4809, -4387, -3588, -2623, -1722, -976, -595, -676, -852, 
    -648, -126, -45, -1352, -4248, -7572, -9574, -9770, -9560, -10316, 
    -11605, -12165, -11752, -11020, -10452, -10238, -10391, -10590, -10504, 
    -10194, -9782, -9164, -8296, -7243, -5983, -4561, -3181, -1938, -667, 
    850, 2528, 3629, 3022, 287, -3544, -6721, -8242, -8485, -8539, -9120, 
    -10160, -11178, -11766, -11842, -11732, -11856, -12251, -12597, -12635, 
    -12264, -11401, -10092, -8608, -7201, -5938, -4878, -4180, -3858, -3588, 
    -2941, -1795, -455, 618, 1057, 502, -1313, -3945, -6210, -7562, -8901, 
    -10930, -12632, -12840, -12259, -12215, -12498, -12217, -11641, -11487, 
    -11495, -11135, -10731, -10783, -11028, -11009, -10810, -10670, -10521, 
    -10342, -10418, -10900, -11437, -11500, -10878, -9835, -8857, -8267, 
    -8069, -8119, -8262, -8347, -8344, -8374, -8432, -8293, -7903, -7614, 
    -7728, -8108, -8522, -9073, -9938, -10917, -11592, -11763, -11455, 
    -10711, -9670, -8719, -8303, -8532, -9086, -9510, -9604, -9523, -9527, 
    -9585, -9291, -8346, -7023, -5860, -5082, -4607, -4356, -4261, -4255, 
    -4330, -4393, -4245, -3961, -3863, -3915, -3735, -3288, -3015, -3221, 
    -3734, -4217, -4563, -4792, -4742, -4247, -3572, -3143, -2998, -3052, 
    -3403, -3809, -3719, -3233, -2893, -2439, -1235, 250, 888, 448, -547, 
    -1838, -3272, -4358, -4809, -4976, -5243, -5483, -5425, -5155, -4861, 
    -4435, -3792, -3303, -3351, -3669, -3559, -2630, -1113, 296, 993, 1090, 
    1233, 1754, 2399, 2841, 2943, 2641, 1909, 779, -608, -1921, -2949, -4024, 
    -5493, -6810, -7009, -6170, -5624, -6448, -8250, -9692, -10000,
  -8267, -7876, -7865, -7842, -7553, -7645, -8783, -10575, -11806, -11813, 
    -11307, -11201, -11146, -10431, -9441, -8817, -8321, -7676, -7100, -6541, 
    -5806, -5187, -4839, -4445, -3967, -3558, -2968, -2090, -1380, -1098, 
    -993, -865, -700, -533, -793, -2313, -5226, -8161, -9554, -9635, -9858, 
    -10619, -11122, -11076, -10964, -11225, -11996, -12793, -12461, -10656, 
    -8603, -7345, -6486, -5327, -3876, -2455, -1283, -453, 44, 143, -162, 
    -367, 202, 1381, 1955, 695, -2322, -5500, -7256, -7720, -8237, -9471, 
    -10822, -11551, -11710, -11878, -12369, -12940, -13202, -13030, -12513, 
    -11682, -10398, -8581, -6542, -4783, -3468, -2442, -1706, -1463, -1722, 
    -2162, -2372, -2226, -2067, -2416, -3502, -5097, -6717, -8095, -9490, 
    -11099, -12369, -12762, -12742, -12879, -12781, -12077, -11400, -11306, 
    -11395, -11237, -11062, -11104, -11184, -11149, -11062, -10947, -10748, 
    -10507, -10425, -10671, -11153, -11468, -11227, -10506, -9796, -9422, 
    -9268, -9134, -9016, -8964, -8991, -9078, -9132, -9134, -9352, -10066, 
    -11099, -11970, -12461, -12669, -12631, -12271, -11663, -10987, -10305, 
    -9600, -8867, -7991, -6878, -5831, -5452, -5916, -6609, -6860, -6894, 
    -7323, -7802, -7342, -6061, -5108, -4884, -4811, -4495, -3846, -2829, 
    -1968, -1986, -2616, -2995, -3033, -3204, -3454, -3345, -2916, -2658, 
    -2797, -3086, -3329, -3636, -3935, -3900, -3555, -3162, -2621, -1907, 
    -1447, -1233, -684, 156, 821, 1671, 3063, 4012, 3535, 2218, 983, -320, 
    -1990, -3541, -4454, -4927, -5409, -5866, -5915, -5615, -5523, -5736, 
    -5659, -4980, -4090, -3426, -3028, -2613, -1719, -160, 1590, 2850, 3406, 
    3564, 3832, 4460, 5037, 4918, 4118, 3125, 2027, 643, -810, -2004, -2991, 
    -3845, -4259, -3974, -3433, -3658, -5204, -7261, -8390,
  -6613, -6313, -6128, -6021, -5551, -5136, -5532, -6717, -7960, -8718, 
    -9152, -9539, -9512, -8843, -8315, -8419, -8436, -7985, -7569, -7135, 
    -6325, -5607, -5315, -4975, -4486, -4181, -3886, -3350, -2772, -2257, 
    -1769, -1425, -1230, -1033, -889, -1270, -2947, -5957, -8772, -9879, 
    -9764, -9909, -10765, -11791, -12371, -12376, -12301, -12254, -11240, 
    -8856, -6487, -5398, -5174, -4881, -4168, -3014, -1563, -59, 1361, 2420, 
    2600, 1744, 442, -248, 311, 1193, 494, -2138, -4900, -6440, -7383, -8714, 
    -10227, -11228, -11706, -12027, -12035, -11359, -10253, -9315, -8791, 
    -8624, -8469, -7687, -6149, -4563, -3454, -2604, -1681, -703, -78, -339, 
    -1381, -2401, -3073, -3804, -4744, -5736, -6876, -8138, -9220, -10216, 
    -11406, -12495, -13034, -13044, -12680, -12021, -11267, -10649, -10342, 
    -10414, -10563, -10438, -10287, -10443, -10596, -10454, -10294, -10182, 
    -9743, -9161, -9263, -10223, -11179, -11535, -11759, -12383, -13015, 
    -13031, -12602, -12367, -12492, -12626, -12590, -12697, -13283, -14118, 
    -14551, -14187, -13140, -11631, -9742, -7689, -5905, -4566, -3453, -2606, 
    -2476, -3128, -3877, -4033, -3675, -3427, -3465, -3247, -2704, -2705, 
    -3417, -3833, -3758, -4059, -4631, -4634, -4230, -3769, -2739, -1303, 
    -718, -1248, -1878, -2169, -2487, -2893, -3062, -2865, -2498, -2232, 
    -2130, -2089, -2158, -2386, -2599, -2671, -2509, -1818, -607, 585, 1642, 
    2991, 4499, 5655, 6470, 6851, 6161, 4486, 2857, 1640, 277, -1431, -3070, 
    -4279, -5009, -5541, -6150, -6577, -6532, -6434, -6707, -6997, -6775, 
    -5943, -4673, -3360, -2444, -1792, -807, 771, 2637, 4236, 5023, 4911, 
    4451, 4115, 3766, 3201, 2579, 1970, 1130, 18, -917, -1253, -1164, -1142, 
    -1246, -1150, -1102, -2030, -4104, -6025,
  -4802, -4871, -4555, -4375, -3922, -3410, -3670, -4689, -5670, -6238, 
    -6815, -7663, -8026, -7363, -6857, -7527, -8220, -7894, -7385, -7179, 
    -6673, -6011, -5688, -5385, -4952, -4752, -4714, -4533, -4143, -3545, 
    -2962, -2556, -2047, -1474, -1197, -1087, -1509, -3598, -6736, -8618, 
    -8853, -9132, -10073, -11012, -11745, -12170, -11623, -9888, -7920, 
    -6956, -7143, -7410, -6930, -6045, -5237, -4305, -3031, -1579, -160, 
    1029, 1921, 2545, 2450, 1320, 235, 342, 708, -342, -2687, -4901, -6317, 
    -7404, -8561, -9425, -9684, -9683, -9501, -8656, -7224, -5865, -4947, 
    -4643, -4917, -5066, -4539, -3675, -2906, -2342, -2025, -1546, -523, 237, 
    -209, -1400, -2613, -3903, -5030, -5576, -6143, -7317, -8460, -9108, 
    -9769, -10588, -11111, -11281, -11320, -11206, -10818, -10165, -9605, 
    -9613, -9913, -9820, -9521, -9529, -9549, -9313, -9251, -9321, -8811, 
    -7830, -7530, -8527, -10104, -11262, -12010, -13040, -14367, -15237, 
    -15371, -15289, -15344, -15366, -15291, -15304, -15259, -14691, -13448, 
    -11766, -9848, -7805, -5757, -3841, -2239, -1052, -151, 481, 521, -313, 
    -1847, -3334, -3866, -3405, -2802, -2363, -1751, -1245, -1245, -1459, 
    -1984, -3173, -4022, -3558, -2926, -3253, -3638, -3282, -2776, -2497, 
    -2334, -2496, -2876, -2944, -2756, -2656, -2547, -2360, -2237, -2048, 
    -1661, -1321, -1206, -1161, -956, -407, 503, 1617, 2804, 3937, 4824, 
    5410, 5583, 4982, 3790, 2968, 2726, 2059, 485, -1354, -2992, -4350, 
    -5217, -5770, -6479, -7023, -6784, -6112, -5753, -5800, -5951, -5906, 
    -5381, -4387, -3237, -2139, -1160, -288, 752, 2232, 3829, 4812, 4899, 
    4519, 4154, 3827, 3426, 3085, 2920, 2798, 2680, 2701, 2688, 2241, 1438, 
    858, 710, 303, -1203, -3401,
  -2798, -3317, -3130, -3067, -2767, -2336, -2748, -3950, -4846, -4987, 
    -5094, -5861, -6535, -6022, -5416, -6361, -7698, -7662, -7121, -7205, 
    -7238, -6823, -6392, -5911, -5400, -5209, -5216, -5178, -5023, -4585, 
    -4085, -3787, -3231, -2344, -1712, -1107, -564, -1659, -4591, -6997, 
    -7801, -8178, -8330, -7740, -7634, -9000, -9916, -8405, -6004, -5428, 
    -6492, -6979, -6116, -4898, -3998, -3230, -2416, -1493, -445, 290, 409, 
    563, 1156, 1395, 888, 454, 504, 269, -1080, -3265, -5004, -5658, -6018, 
    -6541, -6647, -6320, -6077, -5730, -5034, -4254, -3486, -2780, -2354, 
    -2104, -1934, -1965, -1876, -1471, -1399, -1693, -1340, -367, 40, -409, 
    -1324, -2742, -4190, -4744, -4891, -5817, -7202, -8071, -8501, -8922, 
    -9330, -9614, -9589, -9309, -9259, -9335, -8957, -8506, -8695, -9104, 
    -9104, -8884, -8733, -8671, -8682, -8548, -8051, -7366, -6875, -7065, 
    -8263, -9927, -11079, -11664, -12383, -13391, -14279, -14847, -15023, 
    -14636, -13804, -12864, -11774, -10388, -9029, -7953, -6919, -5880, 
    -5126, -4554, -3883, -3275, -3031, -3146, -3306, -3131, -2749, -2682, 
    -2849, -2784, -2615, -2504, -2120, -1511, -1054, -876, -1394, -2745, 
    -3613, -3183, -2834, -3541, -4287, -4371, -4097, -3463, -2759, -2831, 
    -3435, -3616, -3411, -3202, -2820, -2417, -2366, -2298, -1786, -1240, 
    -1105, -1102, -794, -208, 443, 1197, 2031, 2552, 2660, 2783, 2879, 2515, 
    2164, 2549, 2956, 2180, 395, -1539, -3290, -4567, -5138, -5571, -6283, 
    -6599, -6109, -5467, -5159, -5047, -5058, -5168, -5240, -5161, -4701, 
    -3720, -2554, -1556, -645, 374, 1593, 2938, 4062, 4704, 5029, 5271, 5495, 
    5795, 6164, 6383, 6372, 6146, 5520, 4460, 3273, 2161, 1334, 998, 465, 
    -1096,
  -1195, -1870, -1758, -1727, -1579, -1326, -1702, -2575, -3157, -3294, 
    -3507, -4304, -5157, -4961, -4390, -5126, -6530, -6888, -6656, -6881, 
    -7160, -7167, -7098, -6725, -6124, -5795, -5648, -5495, -5408, -5123, 
    -4644, -4395, -4091, -3303, -2338, -1187, 122, 98, -2253, -5269, -6960, 
    -7404, -7261, -6510, -5702, -5904, -6627, -6309, -5024, -4190, -4094, 
    -3977, -3609, -3284, -3029, -2543, -1828, -1408, -1439, -1504, -1530, 
    -1575, -1239, -450, 211, 367, 268, 303, -14, -1584, -3555, -4059, -3423, 
    -3305, -3655, -3515, -2846, -2130, -1883, -2307, -2741, -2414, -1435, 
    -480, -228, -827, -1469, -1422, -1228, -1571, -1840, -1326, -587, -345, 
    -570, -1281, -2416, -3180, -3347, -3846, -4915, -5758, -6174, -6577, 
    -7221, -8072, -8503, -8048, -7601, -7890, -8081, -7750, -7794, -8441, 
    -8873, -8788, -8629, -8699, -8754, -8419, -7853, -7471, -7154, -6769, 
    -6868, -7763, -8835, -9641, -10543, -11709, -12612, -12834, -12412, 
    -11383, -9774, -7828, -5766, -3820, -2484, -1955, -1825, -1881, -2253, 
    -2737, -3089, -3456, -3886, -4297, -4738, -4904, -4390, -3634, -3311, 
    -3288, -3143, -2781, -2282, -1822, -1429, -1080, -1226, -2005, -2527, 
    -2609, -3382, -4847, -5562, -5196, -4612, -4150, -3902, -4078, -4261, 
    -3997, -3624, -3309, -2783, -2333, -2364, -2501, -2297, -1917, -1656, 
    -1541, -1377, -1036, -687, -383, 141, 916, 1704, 2343, 2615, 2540, 2602, 
    2718, 2152, 950, -327, -1881, -3743, -4914, -5111, -5352, -5846, -5762, 
    -5252, -5127, -5248, -5241, -5295, -5388, -5335, -5259, -5079, -4588, 
    -3932, -3118, -2049, -1036, -224, 705, 1813, 2864, 3776, 4559, 5262, 
    5904, 6225, 6053, 5687, 5305, 4738, 4152, 3700, 2805, 1471, 883, 1003, 281,
  -66, -620, -640, -616, -449, -283, -589, -1113, -1374, -1555, -2131, -3201, 
    -4104, -4144, -3932, -4528, -5543, -6059, -6291, -6698, -7096, -7395, 
    -7575, -7330, -6801, -6467, -6252, -5952, -5695, -5361, -4833, -4438, 
    -4180, -3633, -2744, -1539, 148, 1614, 1142, -1836, -5299, -6961, -7079, 
    -6873, -6198, -5083, -4455, -4067, -2977, -1712, -1425, -1931, -2034, 
    -1557, -1578, -1915, -1385, -1015, -2390, -4138, -4484, -3988, -3454, 
    -2758, -1850, -997, -433, 175, 1001, 797, -992, -2421, -2260, -1813, 
    -1935, -1856, -1194, -614, -698, -1249, -1559, -1123, -179, 388, 16, 
    -869, -1510, -1591, -1402, -1627, -2245, -2232, -1440, -909, -822, -710, 
    -820, -1093, -1034, -1200, -2238, -3608, -4710, -5307, -5371, -5674, 
    -6511, -6735, -6175, -6202, -6914, -7190, -7105, -7529, -8368, -8909, 
    -9022, -9109, -9255, -9045, -8281, -7395, -6835, -6454, -5951, -5479, 
    -5330, -5487, -5859, -6245, -6091, -5140, -3950, -3057, -2341, -1534, 
    -559, 555, 1500, 1838, 1519, 767, -193, -1146, -2137, -3300, -4177, 
    -4310, -4273, -4716, -5226, -5278, -5067, -4770, -4245, -3586, -3081, 
    -2678, -2075, -1492, -1609, -2279, -2551, -2495, -3264, -5010, -6416, 
    -6467, -5633, -5181, -5653, -6255, -5941, -4819, -3886, -3574, -3423, 
    -3048, -2596, -2475, -2820, -3067, -2717, -2257, -2103, -1799, -1263, 
    -917, -418, 694, 1773, 1959, 1398, 971, 1034, 816, -167, -1114, -1684, 
    -2719, -4159, -4903, -4980, -5293, -5681, -5468, -5030, -4972, -4979, 
    -4818, -4856, -5116, -5357, -5528, -5423, -4940, -4312, -3535, -2566, 
    -1622, -688, 303, 1168, 2001, 2952, 3767, 4337, 4721, 4708, 4338, 4029, 
    3781, 3434, 3301, 3238, 2329, 814, 285, 840, 821,
  348, 221, 257, 306, 518, 797, 771, 331, -150, -447, -1124, -2412, -3302, 
    -3360, -3517, -4088, -4593, -5109, -5784, -6389, -6939, -7440, -7653, 
    -7573, -7353, -7059, -6767, -6498, -6195, -5783, -5160, -4388, -3724, 
    -3210, -2579, -1685, -418, 1527, 3392, 2881, -535, -4169, -6151, -6802, 
    -6069, -4334, -3045, -1982, -255, 918, 283, -1053, -1220, -401, -650, 
    -1842, -1618, -729, -1759, -3694, -4512, -4625, -4421, -3761, -3026, 
    -2168, -1192, -311, 999, 2269, 1819, 32, -1021, -825, -244, 284, 580, 
    361, -15, 129, 626, 1099, 1564, 1383, 106, -1212, -1783, -1949, -1858, 
    -1834, -2391, -2772, -2285, -1775, -1600, -1123, -517, 19, 1000, 1990, 
    1994, 986, -705, -2309, -2656, -2307, -2769, -3620, -3936, -4435, -5510, 
    -6155, -6110, -6395, -7423, -8564, -9374, -9852, -9961, -9672, -8941, 
    -7778, -6621, -5829, -5189, -4533, -3837, -2809, -1452, -206, 845, 1837, 
    2537, 2756, 2691, 2506, 2254, 2137, 2212, 2138, 1662, 953, 252, -366, 
    -1031, -1982, -3045, -3633, -3728, -3919, -4278, -4416, -4345, -4185, 
    -3729, -3126, -2927, -2991, -2591, -1997, -2302, -3325, -3757, -3300, 
    -3063, -4214, -6479, -7897, -7378, -6440, -6583, -7175, -7114, -6341, 
    -5456, -4948, -4654, -4078, -3335, -3157, -3765, -4227, -3684, -2582, 
    -1511, -427, 105, -430, -844, -239, 217, -325, -1023, -1165, -1166, 
    -1664, -2475, -2949, -3317, -4151, -4950, -5125, -5105, -5318, -5584, 
    -5678, -5641, -5627, -5582, -5338, -5037, -5007, -5330, -5622, -5355, 
    -4581, -3667, -2626, -1567, -717, 132, 1009, 1620, 2141, 2726, 3072, 
    3190, 3210, 2980, 2712, 2673, 2530, 2245, 2190, 1866, 603, -653, -562, 
    323, 622,
  -116, 149, 523, 902, 1178, 1444, 1778, 1594, 785, 174, -459, -1666, -2495, 
    -2720, -3326, -3830, -3802, -4392, -5512, -6117, -6561, -7142, -7415, 
    -7541, -7634, -7457, -7268, -7207, -6956, -6450, -5699, -4592, -3387, 
    -2501, -1824, -1045, -348, 508, 2456, 4762, 5121, 2936, -413, -3094, 
    -3554, -2291, -886, 743, 2208, 1850, 370, -305, -100, 246, -104, -1011, 
    -799, 57, -577, -1971, -2829, -3762, -4385, -4066, -3668, -3224, -2257, 
    -1235, 59, 1992, 3298, 2929, 1806, 1317, 1587, 1920, 1931, 1670, 1563, 
    1878, 2018, 1836, 1898, 1474, -87, -1444, -1921, -2275, -2408, -2184, 
    -2357, -2854, -2992, -2895, -2681, -2052, -1225, -382, 950, 2794, 4572, 
    5787, 5793, 4571, 3284, 2441, 1472, 323, -750, -1997, -3492, -4675, 
    -5118, -5226, -5702, -6666, -7732, -8359, -8228, -7693, -7203, -6745, 
    -6288, -5763, -5032, -4362, -3842, -3034, -1908, -816, 157, 881, 1211, 
    1322, 1345, 1256, 1156, 1160, 1215, 1155, 897, 572, 313, 143, 102, -20, 
    -673, -1772, -2658, -2977, -2848, -2522, -2330, -2309, -2052, -1639, 
    -1898, -2813, -3078, -2457, -2437, -3358, -3851, -3347, -2616, -2913, 
    -4898, -7110, -7736, -7501, -7698, -8018, -8099, -8041, -7651, -6913, 
    -6123, -5512, -5240, -5311, -5522, -5478, -4772, -3422, -1712, -281, 
    -376, -1859, -2467, -1647, -1485, -2398, -2839, -2750, -3115, -3934, 
    -4553, -4660, -4749, -5239, -5577, -5474, -5405, -5449, -5517, -5785, 
    -6117, -6293, -6373, -6429, -6425, -6207, -5698, -5043, -4337, -3695, 
    -3227, -2720, -2068, -1484, -984, -511, -104, 315, 658, 755, 773, 742, 
    530, 413, 409, 66, -364, -397, -666, -1604, -2092, -1382, -464, -182,
  -724, -374, 126, 956, 1610, 1933, 2462, 2786, 2237, 1382, 370, -956, -1567, 
    -1678, -2557, -3207, -3049, -3782, -5220, -5890, -6289, -6883, -7211, 
    -7442, -7631, -7580, -7552, -7542, -7377, -7110, -6547, -5519, -4125, 
    -2619, -1407, -425, 545, 1122, 1620, 3162, 5531, 7180, 7089, 5839, 4761, 
    4036, 3686, 4456, 4929, 3289, 1450, 1021, 737, 382, 134, -548, -555, 248, 
    -163, -1461, -2139, -2823, -3771, -4163, -4146, -3892, -3137, -2205, 
    -1282, 110, 2008, 3388, 3443, 2910, 2721, 2649, 2509, 2590, 2891, 3067, 
    2739, 2246, 1934, 931, -681, -1417, -1496, -1906, -2191, -2135, -2235, 
    -2476, -2713, -2957, -3055, -2818, -2243, -1497, -569, 763, 2545, 4503, 
    6122, 6979, 6851, 5677, 4025, 2636, 1505, 375, -984, -2675, -3905, -4051, 
    -4003, -4481, -4849, -4671, -4425, -4208, -3511, -2826, -3254, -4196, 
    -4236, -3552, -2889, -2256, -1707, -1271, -731, -277, -78, 22, -53, -258, 
    -264, -111, -17, 24, -45, -321, -684, -872, -606, 109, 640, 334, -527, 
    -1192, -1413, -1317, -1030, -757, -658, -744, -1214, -2145, -2753, -2613, 
    -2728, -3364, -3479, -3093, -2721, -2420, -3008, -4610, -5865, -6674, 
    -7715, -8461, -8699, -9058, -9459, -9341, -8737, -8174, -7879, -7679, 
    -7558, -7433, -6941, -6160, -5488, -5183, -5554, -6032, -5198, -3700, 
    -3703, -4819, -5312, -5411, -5683, -5820, -5873, -5879, -5824, -5966, 
    -5958, -5561, -5434, -5724, -5914, -5989, -6231, -6529, -6677, -6980, 
    -7535, -7393, -6218, -5224, -4972, -4721, -4164, -3591, -3073, -2599, 
    -2198, -1836, -1484, -1175, -1007, -1001, -1025, -1104, -1294, -1431, 
    -1587, -2066, -2587, -2679, -2688, -2977, -3015, -2436, -1705, -1158,
  -1595, -1175, -589, 511, 1665, 2374, 2958, 3528, 3675, 3341, 2254, 637, 
    -18, -17, -1018, -2129, -2498, -3472, -4862, -5520, -5957, -6497, -6899, 
    -7357, -7695, -7780, -7793, -7591, -7421, -7470, -7166, -6459, -5531, 
    -4049, -2436, -1284, -140, 1078, 1822, 2350, 3432, 5309, 7486, 9124, 
    9618, 8761, 7353, 6543, 5685, 4093, 2956, 2287, 1284, 771, 392, -808, 
    -1125, -116, -199, -1514, -2209, -2420, -3104, -3968, -4458, -4503, 
    -4125, -3515, -3034, -2420, -821, 1487, 3091, 3716, 4034, 4022, 3764, 
    3813, 4093, 3999, 3230, 2215, 1181, -231, -1225, -1081, -1102, -1691, 
    -1893, -2063, -2500, -2649, -2692, -2891, -3068, -3094, -2754, -2095, 
    -1339, -380, 835, 2143, 3423, 4614, 5314, 4912, 3744, 2710, 1996, 1544, 
    1004, -420, -2230, -3050, -3127, -3381, -3351, -2793, -2876, -3542, 
    -3039, -1721, -1853, -3235, -3869, -3572, -3087, -2330, -1353, -578, 
    -214, -327, -679, -938, -1035, -861, -399, 61, 347, 433, 238, -223, -718, 
    -959, -848, -354, 452, 1081, 1183, 928, 438, -67, -160, -80, -515, -1266, 
    -1541, -1463, -1591, -1788, -2019, -2372, -2612, -3137, -3870, -3773, 
    -3635, -4626, -5540, -5848, -6653, -7728, -8308, -8799, -9531, -10112, 
    -10401, -10639, -10716, -10466, -10053, -9271, -7921, -6878, -6948, 
    -7534, -7796, -7623, -7079, -6662, -7010, -7466, -7342, -7230, -7138, 
    -6636, -6302, -6311, -6235, -6167, -5936, -5369, -5130, -5523, -5933, 
    -5973, -5980, -6244, -6563, -6964, -7399, -7078, -6052, -5519, -5453, 
    -4851, -3849, -3196, -3005, -3025, -3005, -2855, -2727, -2655, -2549, 
    -2483, -2478, -2468, -2570, -2818, -3019, -3207, -3544, -3885, -4079, 
    -4190, -4154, -3802, -3118, -2276,
  -2108, -1714, -1108, -132, 1199, 2465, 3333, 3978, 4671, 5354, 5287, 4197, 
    3185, 2316, 691, -914, -2020, -3468, -4784, -5372, -5876, -6381, -6791, 
    -7335, -7746, -7979, -8090, -7801, -7473, -7438, -7259, -6896, -6526, 
    -5764, -4460, -3106, -2126, -1368, -415, 650, 1454, 2248, 3451, 4749, 
    5634, 5974, 5856, 5270, 4059, 2775, 2116, 1617, 1229, 1138, 15, -1825, 
    -2026, -959, -659, -1267, -1993, -2411, -2702, -3352, -4239, -4776, 
    -4640, -4141, -3813, -3473, -2431, -552, 1536, 3199, 4199, 4518, 4527, 
    4625, 4558, 3834, 2385, 762, -532, -1476, -1685, -1326, -1586, -2209, 
    -2430, -2873, -3457, -3616, -3759, -3889, -3677, -3239, -2654, -2084, 
    -1553, -880, -99, 814, 1688, 2190, 2383, 2250, 1843, 1553, 1396, 1354, 
    1497, 1099, -367, -1877, -2487, -2744, -2949, -2727, -2740, -3303, -3028, 
    -1855, -1652, -2621, -3210, -3000, -2601, -2106, -1351, -550, -25, 182, 
    159, -104, -368, -316, -72, 311, 846, 1109, 992, 730, 296, -136, -451, 
    -775, -745, -116, 765, 1511, 1710, 1369, 989, 608, -101, -923, -1046, 
    -378, 27, -99, -338, -1080, -2299, -3375, -3981, -3816, -3706, -4641, 
    -5491, -5537, -5862, -6722, -7524, -8131, -8503, -8736, -9228, -9949, 
    -10291, -9972, -9189, -8043, -6777, -5948, -5775, -5747, -5436, -5355, 
    -5870, -6436, -6770, -6964, -7128, -7519, -7790, -7460, -6921, -6526, 
    -6218, -5899, -5346, -4718, -4458, -4654, -5162, -5550, -5503, -5285, 
    -5098, -5009, -5043, -4965, -4909, -5086, -4907, -4074, -3244, -2834, 
    -2805, -3092, -3298, -3148, -3003, -3047, -3095, -3159, -3184, -3089, 
    -3173, -3557, -3828, -3850, -4057, -4595, -5074, -5214, -4978, -4340, 
    -3423, -2601,
  -2378, -2115, -1624, -917, 273, 1818, 3170, 4190, 5030, 5892, 6597, 6550, 
    5640, 3990, 1876, 2, -1716, -3524, -4684, -5197, -5744, -6262, -6774, 
    -7423, -7995, -8470, -8669, -8403, -8038, -7797, -7653, -7513, -7210, 
    -6915, -6436, -5270, -4005, -3339, -2864, -2204, -1377, -312, 766, 1409, 
    1671, 1903, 2273, 2728, 2661, 1673, 483, -44, 450, 973, -258, -2232, 
    -2777, -2330, -1580, -954, -1430, -2229, -2397, -2690, -3482, -4249, 
    -4441, -4144, -3822, -3326, -2494, -1340, 221, 1694, 2597, 3086, 3356, 
    3317, 2652, 1357, -89, -1215, -1839, -2175, -2406, -2605, -2881, -3026, 
    -3175, -3670, -4085, -4418, -4972, -5110, -4582, -3835, -3106, -2614, 
    -2208, -1695, -1308, -912, -409, -80, 138, 289, 280, 309, 403, 439, 682, 
    1088, 731, -564, -1657, -2191, -2526, -2466, -2289, -2310, -1813, -852, 
    -594, -1205, -1692, -1494, -981, -512, 0, 504, 831, 1147, 1523, 1637, 
    1510, 1387, 1172, 1084, 1321, 1406, 1388, 1513, 1310, 914, 715, 434, 238, 
    509, 1182, 2130, 2841, 2932, 2615, 2047, 1393, 713, 287, 572, 735, 251, 
    -241, -1260, -2653, -2997, -2875, -3199, -3583, -4137, -4884, -5458, 
    -5778, -5912, -6399, -7320, -7803, -7807, -8035, -8280, -7965, -7317, 
    -6806, -6675, -6917, -7018, -6728, -6213, -5486, -5013, -5036, -4914, 
    -4528, -4289, -4547, -5610, -6870, -7451, -7360, -6891, -6423, -6021, 
    -5215, -4222, -3645, -3541, -3799, -4176, -4486, -4508, -3682, -2380, 
    -1750, -1923, -2543, -3559, -4447, -4627, -4304, -3854, -3490, -3465, 
    -3586, -3486, -3353, -3401, -3570, -3731, -3670, -3504, -3585, -3948, 
    -4390, -4650, -4740, -4853, -4840, -4617, -4340, -3877, -3162, -2600 ;

 v =
  -3058, -1847, -1322, -1322, -1588, -1952, -2407, -3031, -3844, -4705, 
    -5331, -5422, -4810, -3532, -1801, 90, 1884, 3416, 4612, 5458, 5970, 
    6181, 6153, 5967, 5707, 5425, 5126, 4765, 4270, 3584, 2692, 1652, 594, 
    -305, -886, -1073, -921, -611, -366, -350, -591, -977, -1339, -1545, 
    -1573, -1492, -1405, -1376, -1416, -1496, -1602, -1753, -1981, -2302, 
    -2687, -3081, -3429, -3691, -3839, -3827, -3586, -3053, -2218, -1168, 
    -67, 894, 1574, 1923, 1975, 1814, 1532, 1193, 838, 486, 152, -136, -349, 
    -470, -518, -555, -655, -813, -891, -618, 299, 1988, 4281, 6722, 8752, 
    9956, 10250, 9877, 9255, 8757, 8578, 8721, 9088, 9583, 10156, 10775, 
    11373, 11799, 11847, 11341, 10247, 8730, 7127, 5800, 4983, 4678, 4678, 
    4705, 4542, 4095, 3365, 2389, 1209, -107, -1449, -2699, -3802, -4819, 
    -5882, -7071, -8317, -9404, -10117, -10411, -10471, -10604, -11017, 
    -11646, -12170, -12201, -11543, -10323, -8934, -7823, -7259, -7222, 
    -7449, -7598, -7416, -6832, -5939, -4903, -3871, -2908, -2017, -1181, 
    -419, 209, 634, 831, 838, 740, 623, 534, 469, 404, 329, 267, 257, 319, 
    435, 555, 628, 638, 607, 560, 499, 389, 194, -85, -389, -631, -753, -760, 
    -706, -649, -600, -526, -406, -264, -184, -243, -458, -763, -1052, -1242, 
    -1312, -1294, -1227, -1128, -1003, -873, -772, -729, -721, -666, -448, 
    19, 754, 1704, 2780, 3889, 4966, 5977, 6908, 7766, 8561, 9292, 9931, 
    10414, 10658, 10590, 10183, 9483, 8597, 7665, 6805, 6070, 5431, 4786, 
    4019, 3070, 1969, 839, -182, -1041, -1827, -2742, -3974, -5537, -7181, 
    -8454, -8897, -8288, -6779, -4843,
  -4946, -3187, -2058, -1512, -1319, -1265, -1262, -1330, -1485, -1654, 
    -1683, -1420, -804, 105, 1165, 2217, 3138, 3856, 4332, 4559, 4557, 4378, 
    4099, 3799, 3531, 3305, 3112, 2941, 2794, 2654, 2454, 2079, 1433, 526, 
    -484, -1341, -1828, -1895, -1679, -1417, -1299, -1370, -1528, -1625, 
    -1561, -1338, -1036, -754, -558, -478, -523, -709, -1042, -1507, -2039, 
    -2547, -2940, -3167, -3208, -3058, -2703, -2133, -1381, -538, 259, 888, 
    1282, 1436, 1378, 1140, 768, 324, -102, -438, -652, -763, -803, -774, 
    -665, -500, -371, -384, -529, -583, -164, 1042, 3032, 5395, 7496, 8817, 
    9229, 9015, 8634, 8450, 8582, 8951, 9429, 9936, 10445, 10930, 11317, 
    11472, 11238, 10499, 9272, 7773, 6380, 5469, 5197, 5391, 5652, 5617, 
    5175, 4470, 3703, 2921, 1989, 748, -796, -2450, -3986, -5334, -6601, 
    -7916, -9238, -10342, -11007, -11249, -11361, -11696, -12355, -13047, 
    -13258, -12628, -11235, -9579, -8274, -7682, -7739, -8064, -8221, -7950, 
    -7231, -6217, -5112, -4083, -3227, -2559, -2031, -1564, -1090, -590, -90, 
    370, 766, 1102, 1387, 1615, 1761, 1806, 1759, 1669, 1599, 1596, 1658, 
    1738, 1768, 1702, 1538, 1307, 1043, 756, 440, 101, -224, -478, -635, 
    -717, -786, -878, -958, -945, -791, -538, -313, -230, -307, -449, -540, 
    -539, -504, -529, -653, -828, -977, -1062, -1096, -1075, -924, -507, 281, 
    1422, 2765, 4107, 5294, 6272, 7060, 7701, 8221, 8630, 8930, 9103, 9113, 
    8909, 8458, 7788, 6996, 6206, 5516, 4950, 4456, 3946, 3355, 2664, 1901, 
    1130, 427, -138, -539, -823, -1147, -1751, -2867, -4565, -6640, -8608, 
    -9875, -10005, -8942, -7052,
  -7006, -4855, -2979, -1604, -729, -232, 37, 192, 318, 465, 658, 898, 1176, 
    1493, 1853, 2249, 2645, 2979, 3200, 3280, 3226, 3064, 2819, 2509, 2152, 
    1781, 1459, 1274, 1316, 1596, 1992, 2256, 2119, 1459, 387, -801, -1788, 
    -2396, -2639, -2655, -2587, -2502, -2379, -2157, -1783, -1258, -653, -89, 
    314, 484, 426, 197, -139, -538, -970, -1394, -1750, -1971, -2011, -1849, 
    -1490, -963, -341, 263, 730, 998, 1082, 1049, 943, 758, 463, 66, -352, 
    -690, -897, -1006, -1090, -1172, -1197, -1096, -894, -738, -763, -902, 
    -808, -39, 1595, 3800, 5903, 7268, 7689, 7466, 7130, 7079, 7415, 8045, 
    8853, 9742, 10575, 11143, 11250, 10834, 9979, 8837, 7558, 6326, 5406, 
    5056, 5306, 5829, 6097, 5758, 4918, 4036, 3504, 3278, 2901, 1910, 229, 
    -1782, -3663, -5234, -6669, -8210, -9823, -11163, -11888, -12036, -12076, 
    -12535, -13494, -14428, -14545, -13420, -11355, -9203, -7771, -7313, 
    -7471, -7652, -7470, -6897, -6114, -5274, -4439, -3664, -3067, -2765, 
    -2741, -2784, -2606, -2032, -1099, -11, 1003, 1801, 2350, 2682, 2846, 
    2888, 2848, 2765, 2679, 2633, 2662, 2765, 2882, 2904, 2719, 2276, 1618, 
    865, 152, -409, -765, -907, -886, -803, -777, -886, -1096, -1276, -1281, 
    -1057, -690, -341, -128, -67, -106, -207, -378, -617, -855, -964, -857, 
    -563, -181, 236, 765, 1542, 2614, 3851, 5008, 5894, 6477, 6851, 7120, 
    7304, 7366, 7273, 7036, 6684, 6221, 5627, 4915, 4175, 3559, 3188, 3074, 
    3086, 3018, 2701, 2099, 1328, 594, 75, -173, -232, -269, -450, -890, 
    -1650, -2771, -4279, -6110, -8037, -9654, -10499, -10268, -8984,
  -6575, -4873, -3159, -1741, -763, -208, 67, 258, 512, 857, 1207, 1458, 
    1588, 1674, 1811, 2020, 2226, 2328, 2291, 2160, 2001, 1815, 1540, 1124, 
    611, 147, -90, 15, 460, 1122, 1778, 2180, 2161, 1722, 1005, 186, -647, 
    -1484, -2304, -2999, -3418, -3483, -3239, -2796, -2216, -1493, -625, 284, 
    1023, 1385, 1295, 842, 204, -454, -1029, -1456, -1669, -1621, -1323, 
    -848, -296, 260, 775, 1205, 1487, 1572, 1461, 1211, 884, 514, 113, -304, 
    -691, -991, -1169, -1242, -1269, -1313, -1377, -1397, -1305, -1143, 
    -1071, -1206, -1401, -1215, -218, 1587, 3636, 5154, 5719, 5534, 5199, 
    5233, 5801, 6810, 8115, 9551, 10820, 11512, 11348, 10424, 9149, 7926, 
    6897, 6019, 5321, 4975, 5067, 5347, 5322, 4694, 3702, 2967, 2925, 3377, 
    3598, 2925, 1282, -819, -2763, -4339, -5811, -7534, -9502, -11266, 
    -12321, -12606, -12661, -13189, -14398, -15680, -15996, -14702, -12106, 
    -9268, -7207, -6216, -5851, -5507, -4968, -4439, -4156, -4059, -3884, 
    -3505, -3105, -2967, -3132, -3303, -3089, -2334, -1202, 12, 1118, 2095, 
    2967, 3678, 4113, 4207, 4018, 3694, 3381, 3166, 3081, 3118, 3221, 3264, 
    3092, 2594, 1781, 786, -201, -1011, -1540, -1754, -1686, -1445, -1200, 
    -1112, -1235, -1454, -1544, -1334, -846, -299, 50, 93, -77, -272, -359, 
    -308, -132, 172, 617, 1178, 1814, 2528, 3386, 4422, 5529, 6465, 7012, 
    7139, 7008, 6805, 6588, 6278, 5790, 5135, 4408, 3691, 3011, 2376, 1840, 
    1488, 1365, 1417, 1512, 1514, 1346, 1014, 594, 219, 30, 113, 431, 797, 
    945, 660, -104, -1213, -2460, -3708, -4943, -6195, -7376, -8236, -8461, 
    -7877,
  -3190, -2711, -2200, -1716, -1313, -1023, -803, -527, -106, 409, 851, 1079, 
    1111, 1096, 1164, 1322, 1464, 1493, 1396, 1248, 1098, 895, 512, -110, 
    -852, -1453, -1666, -1392, -705, 190, 1016, 1507, 1547, 1247, 857, 536, 
    215, -295, -1058, -1911, -2611, -3036, -3212, -3167, -2832, -2107, -1041, 
    98, 925, 1158, 770, -7, -822, -1385, -1564, -1360, -840, -93, 756, 1545, 
    2138, 2488, 2636, 2638, 2513, 2246, 1841, 1327, 747, 151, -407, -881, 
    -1270, -1624, -1976, -2266, -2391, -2311, -2113, -1895, -1656, -1350, 
    -1067, -1051, -1420, -1843, -1651, -412, 1558, 3340, 4153, 3991, 3552, 
    3610, 4480, 6018, 7906, 9800, 11267, 11831, 11285, 9951, 8514, 7509, 
    6970, 6582, 6133, 5721, 5505, 5363, 4915, 3939, 2722, 1906, 1929, 2599, 
    3219, 3118, 2108, 494, -1273, -2957, -4625, -6455, -8465, -10369, -11747, 
    -12423, -12738, -13384, -14772, -16479, -17365, -16416, -13620, -10038, 
    -6995, -5124, -4136, -3408, -2685, -2188, -2155, -2450, -2684, -2648, 
    -2498, -2496, -2650, -2698, -2415, -1854, -1225, -584, 281, 1592, 3244, 
    4767, 5650, 5712, 5202, 4561, 4105, 3889, 3792, 3680, 3483, 3189, 2795, 
    2295, 1683, 958, 135, -734, -1539, -2132, -2407, -2383, -2202, -2055, 
    -2055, -2149, -2153, -1892, -1367, -783, -386, -256, -238, -112, 198, 
    583, 920, 1248, 1755, 2603, 3786, 5145, 6458, 7518, 8147, 8251, 7879, 
    7225, 6503, 5793, 5021, 4105, 3110, 2223, 1581, 1142, 763, 381, 64, -118, 
    -235, -457, -861, -1307, -1537, -1393, -924, -309, 306, 886, 1453, 1975, 
    2325, 2335, 1914, 1128, 172, -755, -1567, -2286, -2927, -3416, -3637, 
    -3540,
  -797, -1044, -1268, -1378, -1376, -1332, -1250, -1026, -583, -9, 497, 817, 
    997, 1148, 1305, 1427, 1463, 1390, 1194, 857, 363, -301, -1125, -2013, 
    -2761, -3157, -3132, -2764, -2152, -1355, -509, 110, 284, 125, 20, 237, 
    631, 810, 537, -117, -976, -1917, -2791, -3292, -3113, -2264, -1174, 
    -393, -216, -553, -1082, -1442, -1364, -746, 285, 1427, 2380, 2991, 3272, 
    3306, 3187, 3009, 2853, 2733, 2585, 2337, 1980, 1544, 1041, 459, -164, 
    -720, -1139, -1489, -1924, -2480, -2994, -3260, -3236, -3041, -2760, 
    -2365, -1894, -1611, -1798, -2311, -2481, -1656, 89, 1879, 2788, 2672, 
    2244, 2397, 3525, 5456, 7769, 9999, 11603, 12060, 11229, 9601, 8020, 
    7087, 6799, 6751, 6600, 6284, 5877, 5348, 4544, 3415, 2196, 1308, 1045, 
    1347, 1871, 2228, 2155, 1519, 303, -1368, -3246, -5114, -6907, -8616, 
    -10096, -11117, -11737, -12498, -14020, -16210, -17961, -17833, -15230, 
    -10975, -6706, -3671, -2054, -1282, -806, -501, -461, -650, -891, -1095, 
    -1345, -1704, -2058, -2231, -2212, -2140, -2012, -1496, -169, 1991, 4398, 
    6203, 6902, 6646, 6004, 5474, 5182, 4975, 4671, 4227, 3694, 3121, 2527, 
    1938, 1376, 804, 120, -743, -1700, -2534, -3056, -3257, -3278, -3270, 
    -3273, -3240, -3092, -2781, -2311, -1750, -1187, -681, -230, 170, 487, 
    734, 1098, 1899, 3349, 5309, 7311, 8826, 9552, 9494, 8863, 7921, 6880, 
    5861, 4874, 3857, 2751, 1616, 649, 58, -130, -133, -250, -615, -1152, 
    -1749, -2404, -3123, -3706, -3764, -3027, -1630, -49, 1270, 2182, 2807, 
    3296, 3677, 3870, 3780, 3383, 2759, 2068, 1467, 1009, 632, 262, -93, 
    -378, -589,
  -6, -281, -620, -994, -1346, -1606, -1650, -1338, -674, 123, 803, 1296, 
    1686, 1992, 2092, 1897, 1492, 1011, 458, -260, -1173, -2196, -3206, 
    -4041, -4487, -4413, -3965, -3457, -3006, -2445, -1696, -1058, -871, 
    -946, -637, 386, 1633, 2246, 1846, 758, -508, -1687, -2632, -3078, -2836, 
    -2147, -1587, -1508, -1718, -1755, -1351, -547, 526, 1744, 2889, 3631, 
    3767, 3419, 2927, 2559, 2371, 2299, 2297, 2343, 2377, 2320, 2142, 1881, 
    1564, 1162, 637, 47, -484, -892, -1270, -1777, -2454, -3171, -3734, 
    -4014, -3962, -3603, -3073, -2649, -2589, -2844, -2977, -2501, -1368, 
    -75, 804, 1174, 1470, 2191, 3512, 5344, 7533, 9781, 11480, 11944, 11007, 
    9298, 7777, 7020, 6947, 7116, 7113, 6719, 5928, 4916, 3921, 3073, 2365, 
    1765, 1299, 999, 847, 805, 807, 677, 133, -991, -2556, -4236, -5824, 
    -7296, -8610, -9605, -10270, -11023, -12460, -14655, -16718, -17237, 
    -15327, -11377, -6806, -3073, -828, 175, 542, 694, 748, 674, 429, -2, 
    -577, -1161, -1601, -1886, -2183, -2575, -2762, -2143, -325, 2371, 5009, 
    6694, 7207, 7014, 6720, 6533, 6250, 5631, 4715, 3783, 3061, 2545, 2077, 
    1544, 976, 429, -155, -915, -1867, -2823, -3550, -3993, -4266, -4457, 
    -4519, -4392, -4126, -3814, -3442, -2894, -2131, -1299, -650, -324, -168, 
    289, 1579, 3855, 6617, 8947, 10118, 10043, 9179, 8086, 7093, 6261, 5473, 
    4550, 3401, 2121, 937, 23, -582, -898, -952, -876, -966, -1513, -2552, 
    -3826, -4967, -5626, -5474, -4308, -2300, -53, 1759, 2890, 3597, 4237, 
    4856, 5200, 5054, 4480, 3736, 3074, 2624, 2392, 2277, 2102, 1735, 1200, 
    667, 272,
  145, -264, -840, -1520, -2079, -2289, -2035, -1344, -380, 619, 1477, 2194, 
    2833, 3305, 3392, 3014, 2348, 1595, 746, -286, -1423, -2492, -3443, 
    -4268, -4781, -4760, -4336, -3910, -3573, -2962, -1921, -988, -794, 
    -1068, -763, 656, 2411, 3178, 2443, 840, -711, -1810, -2511, -2869, 
    -2888, -2711, -2537, -2331, -1826, -918, 154, 1105, 1911, 2656, 3207, 
    3284, 2860, 2294, 1990, 2036, 2240, 2402, 2480, 2530, 2599, 2671, 2672, 
    2532, 2262, 1933, 1571, 1112, 509, -170, -800, -1368, -2018, -2881, 
    -3867, -4637, -4851, -4481, -3877, -3486, -3488, -3698, -3780, -3497, 
    -2845, -1982, -1050, -15, 1276, 2836, 4461, 6025, 7676, 9509, 11065, 
    11531, 10601, 8918, 7504, 6880, 6881, 7082, 7081, 6563, 5485, 4250, 3416, 
    3115, 2977, 2664, 2220, 1792, 1293, 575, -242, -883, -1322, -1844, -2699, 
    -3853, -5110, -6298, -7305, -8083, -8734, -9537, -10755, -12328, -13750, 
    -14256, -13236, -10660, -7191, -3844, -1396, -4, 661, 997, 1170, 1156, 
    920, 531, 113, -239, -523, -826, -1249, -1765, -2095, -1782, -522, 1513, 
    3684, 5308, 6109, 6287, 6180, 5926, 5466, 4755, 3900, 3084, 2440, 1986, 
    1641, 1281, 854, 396, -86, -708, -1588, -2645, -3634, -4410, -5003, 
    -5428, -5568, -5360, -4972, -4621, -4282, -3753, -3002, -2304, -1956, 
    -1888, -1547, -185, 2567, 6167, 9266, 10623, 10120, 8778, 7698, 7130, 
    6625, 5813, 4749, 3610, 2448, 1341, 473, -117, -635, -1196, -1593, -1668, 
    -1795, -2618, -4265, -6051, -7077, -6915, -5688, -3755, -1560, 384, 1712, 
    2498, 3175, 4041, 4914, 5333, 5072, 4391, 3787, 3566, 3653, 3756, 3623, 
    3178, 2490, 1711, 1017, 513,
  -98, -1152, -2135, -2885, -3206, -2993, -2358, -1496, -453, 852, 2380, 
    3879, 5054, 5731, 5869, 5558, 4986, 4268, 3336, 2110, 730, -602, -1895, 
    -3228, -4378, -4992, -5128, -5184, -5188, -4623, -3266, -1772, -948, 
    -677, -87, 1210, 2522, 2846, 1927, 376, -1043, -1990, -2517, -2768, 
    -2793, -2552, -1975, -1085, -116, 577, 852, 993, 1387, 2017, 2455, 2468, 
    2354, 2498, 2784, 2771, 2355, 1919, 1810, 1979, 2231, 2551, 2978, 3354, 
    3427, 3134, 2611, 1980, 1261, 480, -275, -961, -1668, -2571, -3696, 
    -4739, -5216, -4938, -4293, -3898, -3995, -4324, -4534, -4497, -4228, 
    -3745, -3056, -2036, -337, 2254, 5286, 7838, 9415, 10315, 10921, 11021, 
    10234, 8791, 7424, 6614, 6335, 6350, 6315, 5757, 4507, 3171, 2641, 3036, 
    3589, 3685, 3464, 3227, 2747, 1656, 142, -1192, -2037, -2592, -3152, 
    -3811, -4560, -5373, -6171, -6883, -7581, -8403, -9338, -10196, -10759, 
    -10823, -10131, -8517, -6212, -3854, -2055, -954, -264, 298, 743, 940, 
    895, 771, 664, 472, 76, -416, -723, -694, -456, -175, 212, 928, 2012, 
    3172, 4039, 4473, 4573, 4472, 4255, 3985, 3676, 3243, 2621, 1925, 1350, 
    914, 470, -24, -452, -818, -1345, -2178, -3195, -4217, -5201, -6033, 
    -6401, -6144, -5564, -5109, -4834, -4496, -4085, -3905, -4051, -4045, 
    -3118, -742, 2962, 7039, 10005, 10838, 9948, 8851, 8588, 8686, 7972, 
    6168, 4168, 2844, 2166, 1643, 1064, 432, -364, -1316, -2019, -2243, 
    -2585, -3925, -6136, -7923, -8160, -6968, -5277, -3728, -2368, -1095, 75, 
    1169, 2358, 3763, 5231, 6361, 6745, 6303, 5419, 4702, 4497, 4630, 4650, 
    4272, 3563, 2729, 1861, 924,
  -995, -2568, -3654, -4233, -4393, -4126, -3443, -2392, -838, 1456, 4230, 
    6583, 7736, 7748, 7226, 6617, 6034, 5483, 4902, 4119, 3027, 1685, 160, 
    -1505, -3101, -4356, -5299, -6174, -6883, -6971, -6269, -5080, -3563, 
    -1533, 824, 2571, 2873, 1905, 537, -607, -1401, -1831, -1886, -1729, 
    -1567, -1334, -828, -170, 186, 44, -155, 217, 1163, 1924, 1844, 1266, 
    1236, 2197, 3338, 3577, 2903, 2262, 2251, 2515, 2531, 2415, 2622, 3211, 
    3762, 3852, 3364, 2463, 1473, 675, 62, -624, -1556, -2645, -3729, -4670, 
    -5245, -5243, -4791, -4328, -4133, -4150, -4320, -4686, -5091, -5223, 
    -5081, -4808, -3806, -869, 4134, 9281, 12215, 12486, 11531, 10627, 9799, 
    8671, 7376, 6316, 5693, 5482, 5385, 4768, 3301, 1761, 1471, 2722, 4384, 
    5281, 5284, 4776, 3807, 2323, 693, -617, -1611, -2548, -3411, -4014, 
    -4440, -4946, -5564, -6144, -6686, -7305, -7943, -8372, -8440, -8114, 
    -7351, -6155, -4761, -3541, -2659, -1952, -1187, -350, 338, 677, 687, 
    568, 448, 259, -84, -441, -536, -310, -31, 47, 50, 350, 1093, 2009, 2748, 
    3260, 3702, 4075, 4193, 3991, 3634, 3247, 2762, 2137, 1468, 793, 47, 
    -649, -987, -957, -1051, -1696, -2775, -3957, -5139, -6204, -6726, -6431, 
    -5737, -5305, -5226, -5160, -5115, -5437, -5985, -5915, -4500, -1784, 
    1692, 5328, 8412, 10145, 10313, 9686, 9224, 8892, 7832, 5770, 3637, 2471, 
    2227, 2117, 1701, 1043, 170, -903, -1834, -2437, -3327, -5221, -7576, 
    -8839, -8283, -6802, -5614, -4887, -4049, -2792, -1263, 362, 2020, 3701, 
    5491, 7416, 9024, 9445, 8274, 6266, 4824, 4708, 5402, 5793, 5276, 4042, 
    2497, 788,
  -2596, -4205, -5175, -5630, -5878, -5742, -4793, -2987, -466, 2818, 6491, 
    9268, 10000, 8995, 7567, 6552, 5936, 5571, 5382, 5031, 4085, 2576, 911, 
    -627, -2003, -3281, -4614, -6078, -7387, -8187, -8583, -8673, -7668, 
    -4622, -324, 2742, 2989, 1393, -48, -623, -892, -1223, -1415, -1405, 
    -1377, -1268, -893, -482, -469, -743, -641, 171, 1199, 1651, 1307, 768, 
    863, 1774, 2827, 3287, 3195, 3126, 3265, 3215, 2768, 2329, 2357, 2792, 
    3255, 3474, 3278, 2563, 1532, 661, 143, -380, -1263, -2354, -3294, -4006, 
    -4560, -4856, -4789, -4493, -4146, -3844, -3859, -4531, -5575, -6124, 
    -5975, -5968, -6183, -4664, 410, 7572, 12836, 13920, 12246, 10400, 9227, 
    8146, 6897, 5807, 5069, 4648, 4416, 3937, 2772, 1421, 1203, 2651, 4682, 
    5860, 5828, 5048, 3840, 2357, 949, -116, -1023, -2029, -2987, -3648, 
    -4092, -4519, -4888, -5113, -5350, -5774, -6260, -6526, -6450, -6071, 
    -5471, -4794, -4208, -3698, -3051, -2167, -1233, -499, -30, 238, 349, 
    337, 268, 192, 101, -19, -173, -372, -565, -563, -133, 767, 1884, 2832, 
    3366, 3567, 3704, 3875, 3877, 3532, 3007, 2617, 2432, 2266, 1917, 1211, 
    95, -1087, -1698, -1561, -1321, -1692, -2642, -3710, -4717, -5636, -6160, 
    -6044, -5652, -5519, -5594, -5551, -5643, -6400, -7479, -7638, -6153, 
    -3643, -1057, 1629, 5030, 8849, 11562, 11999, 10670, 8944, 7364, 5567, 
    3614, 2322, 2100, 2362, 2383, 2003, 1269, 186, -1025, -2186, -3742, 
    -6101, -8425, -9228, -8393, -7339, -6931, -6468, -5154, -3325, -1608, 59, 
    1872, 3529, 4867, 6425, 8548, 10359, 10404, 8421, 5986, 5047, 5861, 6777, 
    6155, 4042, 1561, -638,
  -3726, -5505, -6766, -7361, -7551, -7042, -5265, -2542, 375, 3594, 7444, 
    10870, 12106, 10954, 9042, 7795, 7307, 7130, 6958, 6372, 4985, 3036, 
    1189, -252, -1401, -2414, -3572, -5205, -7085, -8574, -9667, -10762, 
    -11063, -8815, -4056, 375, 1861, 950, 16, 2, -39, -800, -1722, -2066, 
    -1761, -1067, -267, 216, 110, -225, -213, 110, 247, 87, 25, 298, 729, 
    1105, 1461, 1992, 2853, 3897, 4568, 4350, 3396, 2479, 2203, 2445, 2692, 
    2653, 2345, 1824, 1157, 560, 205, -59, -549, -1333, -2208, -2989, -3606, 
    -3971, -4022, -3885, -3729, -3586, -3611, -4263, -5592, -6640, -6579, 
    -6180, -6531, -6342, -2776, 4222, 10662, 12940, 11671, 9714, 8316, 7003, 
    5737, 5035, 4742, 4319, 3874, 3714, 3511, 2974, 2728, 3432, 4531, 4895, 
    4306, 3436, 2682, 1844, 793, -261, -1123, -1798, -2359, -2889, -3436, 
    -3911, -4185, -4350, -4621, -5002, -5283, -5381, -5382, -5286, -5001, 
    -4574, -4126, -3620, -2935, -2153, -1516, -1099, -745, -350, 1, 188, 186, 
    10, -296, -587, -682, -498, -19, 762, 1697, 2461, 2884, 3170, 3549, 3921, 
    4071, 4029, 3930, 3728, 3328, 2815, 2384, 2130, 1966, 1583, 606, -905, 
    -2233, -2693, -2442, -2244, -2568, -3307, -4189, -4992, -5493, -5649, 
    -5742, -5969, -6127, -6087, -6322, -7345, -8699, -9101, -7823, -5567, 
    -3529, -1641, 1620, 7036, 12673, 15285, 13843, 10497, 7681, 5719, 3946, 
    2615, 2323, 2625, 2576, 1996, 1214, 284, -816, -2018, -3690, -6227, 
    -8747, -9644, -8906, -8253, -8414, -8055, -6171, -3756, -2040, -669, 
    1193, 3209, 4555, 5477, 6986, 9206, 10749, 10110, 7640, 5628, 5745, 6831, 
    6350, 3700, 554, -1822,
  -4835, -6769, -8399, -9187, -9064, -7707, -4851, -1447, 1234, 3628, 7138, 
    11367, 13939, 13515, 11460, 9924, 9483, 9365, 8879, 7807, 6184, 4372, 
    2795, 1402, -38, -1349, -2482, -4020, -6207, -8309, -9917, -11640, 
    -13265, -12714, -8712, -3418, -344, -198, -683, -134, 617, 292, -716, 
    -1202, -903, -424, -161, -127, -301, -543, -638, -692, -997, -1455, 
    -1710, -1724, -1704, -1671, -1490, -1032, -54, 1660, 3780, 5350, 5472, 
    4153, 2434, 1485, 1481, 1607, 1224, 560, 146, 56, 30, -41, -128, -349, 
    -838, -1453, -1924, -2191, -2338, -2417, -2537, -2786, -3048, -3412, 
    -4375, -5833, -6691, -6500, -6208, -5853, -3441, 1835, 7196, 9489, 9035, 
    8016, 6964, 5365, 4012, 4047, 4755, 4598, 3699, 3360, 3792, 4106, 4094, 
    4349, 4780, 4518, 3361, 2149, 1504, 1100, 417, -470, -1151, -1509, -1792, 
    -2202, -2644, -2936, -3155, -3554, -4136, -4593, -4758, -4824, -4969, 
    -5050, -4864, -4433, -3900, -3375, -2940, -2605, -2244, -1751, -1225, 
    -852, -670, -584, -563, -683, -916, -968, -521, 328, 1133, 1654, 2040, 
    2436, 2787, 3156, 3732, 4424, 4834, 4786, 4513, 4249, 3962, 3525, 2910, 
    2230, 1678, 1317, 822, -252, -1821, -3158, -3620, -3299, -2866, -2885, 
    -3405, -4108, -4744, -5308, -5845, -6232, -6364, -6427, -6757, -7430, 
    -8152, -8417, -7765, -6200, -4422, -2864, -381, 4719, 11600, 16396, 
    16182, 12278, 8217, 5663, 4041, 2933, 2613, 2751, 2550, 1936, 1269, 382, 
    -896, -2156, -3412, -5464, -8149, -9774, -9552, -8937, -9179, -9257, 
    -7776, -5294, -3166, -1386, 845, 3366, 5223, 6073, 6614, 7736, 9367, 
    10111, 8773, 6442, 5549, 6309, 6135, 3455, -194, -2902,
  -6100, -8043, -9733, -10758, -10561, -8515, -4696, -618, 2103, 3810, 6371, 
    10501, 14373, 15600, 14201, 12456, 11842, 11624, 10672, 8984, 7059, 5241, 
    3797, 2630, 1246, -426, -1982, -3486, -5340, -7335, -9148, -11287, 
    -13926, -15255, -13021, -7841, -3184, -1457, -1543, -1079, 192, 779, 220, 
    -446, -646, -826, -1072, -902, -370, -57, -136, -372, -575, -598, -475, 
    -546, -915, -1254, -1533, -2148, -2993, -3197, -1938, 747, 3646, 4963, 
    4002, 2045, 790, 403, -42, -833, -1326, -1127, -620, -205, 232, 743, 980, 
    874, 800, 814, 661, 458, 318, -158, -1014, -1641, -2121, -3199, -4530, 
    -5050, -4906, -4648, -3372, -360, 2783, 4279, 4776, 5374, 5251, 3718, 
    2461, 3206, 4846, 5157, 4083, 3336, 3612, 4096, 4273, 4522, 4890, 4669, 
    3538, 2151, 1216, 678, 100, -636, -1295, -1703, -1914, -2035, -2084, 
    -2092, -2221, -2604, -3155, -3686, -4159, -4589, -4818, -4695, -4374, 
    -4085, -3780, -3367, -3008, -2793, -2543, -2221, -2024, -1920, -1631, 
    -1160, -790, -661, -686, -648, -224, 621, 1290, 1253, 1017, 1597, 3088, 
    4551, 5291, 5481, 5485, 5297, 4826, 4256, 3868, 3688, 3444, 2866, 1998, 
    1158, 530, -118, -1165, -2582, -3769, -4106, -3630, -2989, -2756, -3066, 
    -3843, -4910, -5858, -6288, -6335, -6513, -6974, -7354, -7470, -7499, 
    -7246, -6081, -4066, -2058, 76, 3966, 10016, 15373, 16482, 13147, 8448, 
    5044, 3212, 2275, 2043, 2342, 2628, 2619, 2298, 1304, -481, -2152, -3058, 
    -4163, -6466, -8937, -9871, -9475, -9218, -9360, -8905, -7413, -5223, 
    -2465, 744, 3656, 5512, 6323, 6509, 6624, 7407, 8743, 9043, 7442, 5664, 
    5463, 5538, 3544, -225, -3694,
  -7113, -9289, -10806, -12018, -12185, -10068, -5725, -894, 2688, 4659, 
    6144, 8940, 13286, 16613, 16659, 14858, 13892, 13611, 12360, 10139, 7868, 
    5745, 3956, 2907, 2123, 710, -1253, -3173, -5010, -6895, -8657, -10520, 
    -13091, -15745, -16079, -12390, -6455, -2254, -1493, -1986, -1354, -279, 
    -393, -1174, -1210, -593, -33, 534, 1178, 1597, 1891, 2300, 2669, 3052, 
    3654, 4030, 3667, 2870, 2012, 912, -586, -2403, -4177, -4720, -2866, 523, 
    2904, 2776, 912, -984, -1995, -2351, -2436, -2073, -1224, -457, 3, 503, 
    953, 1075, 1339, 2082, 2713, 2908, 2999, 2734, 1724, 679, 207, -345, 
    -1299, -1957, -2269, -2718, -2738, -1782, -805, -390, 566, 2323, 3107, 
    2196, 1504, 2588, 4374, 5076, 4575, 3941, 3777, 3905, 4117, 4444, 4715, 
    4494, 3610, 2394, 1316, 594, 78, -586, -1510, -2262, -2293, -1674, -1068, 
    -990, -1371, -1912, -2525, -3244, -3947, -4382, -4393, -4082, -3779, 
    -3656, -3479, -3078, -2739, -2691, -2753, -2818, -2931, -2770, -1989, 
    -953, -235, 129, 158, -380, -1091, -923, 272, 1333, 1578, 1877, 3195, 
    5079, 6368, 6691, 6472, 6001, 5256, 4353, 3589, 3093, 2799, 2592, 2285, 
    1622, 587, -459, -1239, -1966, -2887, -3718, -3981, -3660, -3147, -2854, 
    -3108, -3985, -5074, -5844, -6284, -6777, -7402, -7826, -7858, -7582, 
    -6839, -5209, -2809, -339, 2111, 5385, 9725, 13586, 14692, 12235, 7809, 
    3994, 2032, 1413, 1436, 1931, 2532, 2716, 2418, 1638, 144, -1690, -2959, 
    -3726, -5066, -7185, -8906, -9374, -9048, -8658, -8240, -7468, -6001, 
    -3493, -247, 2453, 3796, 4481, 5152, 5354, 5299, 6294, 7963, 7996, 6031, 
    4460, 4268, 3432, 403, -3715,
  -7441, -10294, -11739, -12803, -13355, -11783, -7636, -2487, 2126, 5366, 
    6876, 8256, 11936, 16628, 18353, 16882, 15555, 15099, 13572, 10955, 8665, 
    6691, 4686, 3298, 2589, 1572, -142, -2137, -4291, -6631, -8707, -10283, 
    -12135, -14932, -17221, -15923, -10219, -3947, -1556, -2317, -2232, -806, 
    -727, -1858, -1548, 232, 1498, 2066, 2754, 3430, 4078, 5027, 5819, 6090, 
    6318, 6542, 6225, 5375, 4191, 2711, 1404, 443, -1096, -3632, -5741, 
    -5574, -2944, -17, 349, -1969, -3965, -3844, -2992, -2548, -1881, -983, 
    -574, -280, 375, 942, 1601, 3041, 4550, 4988, 4666, 4146, 3223, 2131, 
    1425, 823, 67, -375, -575, -1094, -1673, -2032, -2734, -3447, -2699, 
    -672, 617, 643, 979, 2381, 3914, 4748, 4904, 4597, 4098, 3834, 4034, 
    4481, 4718, 4418, 3628, 2594, 1543, 741, 268, -355, -1534, -2603, -2414, 
    -976, 371, 543, -238, -1241, -2263, -3288, -3914, -3901, -3641, -3526, 
    -3515, -3478, -3363, -3191, -3171, -3384, -3520, -3380, -3116, -2668, 
    -1821, -760, 229, 1178, 1852, 1582, 376, -623, -416, 673, 1607, 2134, 
    3077, 5008, 7225, 8455, 8168, 6833, 5314, 4253, 3679, 3146, 2454, 2015, 
    2103, 2120, 1242, -382, -1770, -2393, -2611, -2870, -3201, -3470, -3552, 
    -3380, -3204, -3449, -4165, -5020, -5799, -6489, -6971, -7015, -6592, 
    -5850, -4747, -3121, -1145, 924, 3358, 6376, 9319, 11329, 11902, 10371, 
    6688, 2738, 644, 365, 808, 1635, 2498, 2668, 2254, 1863, 1217, -216, 
    -1998, -3378, -4404, -5575, -6939, -8025, -8424, -8076, -7120, -5859, 
    -4596, -3130, -1120, 828, 1883, 2562, 3574, 4049, 3570, 4097, 6643, 8513, 
    7190, 4305, 2699, 2131, 370, -3309,
  -6840, -10638, -12507, -13216, -13837, -13010, -9388, -4333, 465, 4601, 
    7206, 8373, 11008, 15955, 19214, 18594, 16984, 16150, 14475, 11677, 9256, 
    7306, 5267, 3624, 2637, 1696, 436, -1151, -3233, -5757, -8198, -10142, 
    -11836, -14025, -16733, -17713, -14067, -7198, -2693, -2504, -2611, 
    -1149, -994, -2230, -1474, 829, 1707, 2058, 3885, 5622, 5709, 5462, 5855, 
    6322, 6718, 7160, 7334, 7098, 6172, 4123, 1665, 223, -43, -572, -2940, 
    -6553, -7910, -5126, -2029, -2836, -5360, -5534, -4284, -3980, -3564, 
    -1907, -318, 626, 1685, 2622, 3195, 4369, 6137, 7111, 6885, 6047, 4747, 
    3217, 2006, 1032, 45, -617, -899, -1260, -1815, -2696, -4227, -5545, 
    -5056, -3095, -1605, -966, 156, 2082, 3811, 4825, 5268, 5177, 4689, 4244, 
    4164, 4450, 4712, 4382, 3447, 2442, 1616, 917, 356, -378, -1690, -2936, 
    -2776, -1065, 645, 857, -238, -1427, -2230, -2929, -3423, -3484, -3497, 
    -3771, -4014, -4102, -4263, -4424, -4299, -3811, -2981, -1934, -965, 
    -228, 386, 996, 1634, 2188, 2435, 2358, 2026, 1245, 206, -81, 868, 2183, 
    3248, 4709, 6871, 8568, 8503, 6817, 4935, 4222, 4673, 4972, 4182, 2920, 
    2314, 2314, 1846, 351, -1508, -2695, -2880, -2549, -2382, -2703, -3298, 
    -3698, -3751, -3740, -3914, -4273, -4794, -5426, -5845, -5597, -4690, 
    -3674, -2790, -1620, -43, 1555, 3339, 5605, 7628, 8780, 9263, 8385, 5154, 
    1148, -965, -1022, -280, 898, 2044, 2306, 2019, 1978, 1907, 1270, 121, 
    -1403, -3086, -4485, -5479, -6289, -6958, -7280, -6932, -5765, -4225, 
    -2821, -1411, 53, 1009, 1436, 1948, 2374, 2417, 3258, 5790, 8127, 7700, 
    4821, 1970, 517, -483, -2824,
  -6107, -10304, -12913, -13450, -13849, -13650, -10490, -5293, -794, 3021, 
    6459, 8422, 10547, 15202, 19474, 19656, 17730, 16513, 15010, 12386, 9768, 
    7536, 5481, 3977, 2967, 1902, 674, -741, -2605, -4892, -7317, -9685, 
    -11693, -13363, -15614, -18019, -16995, -10959, -4885, -3223, -3210, 
    -2002, -1994, -3345, -2186, 922, 2132, 2412, 4344, 6013, 5572, 5070, 
    5871, 6808, 7411, 8032, 8251, 7759, 6818, 5355, 3108, 431, -1400, -1339, 
    -1114, -3888, -8305, -9143, -6127, -4621, -6178, -7116, -6326, -5745, 
    -4912, -2429, 380, 2111, 3368, 4225, 4133, 4193, 5653, 7584, 8431, 7858, 
    6280, 4350, 2730, 1454, 187, -1017, -1934, -2568, -3085, -3944, -5517, 
    -6960, -6713, -4855, -3241, -2551, -1373, 1049, 3572, 5125, 5701, 5579, 
    5113, 4671, 4379, 4423, 4762, 4558, 3381, 2083, 1303, 763, 287, -241, 
    -1264, -2551, -2939, -1849, -292, 79, -1082, -2385, -2746, -2673, -2836, 
    -3101, -3366, -3760, -4144, -4444, -4769, -4818, -4041, -2385, -377, 
    1376, 2576, 3199, 3238, 2893, 2658, 2494, 1774, 741, 452, 813, 825, 748, 
    1498, 2613, 3234, 3936, 5541, 7283, 7624, 6240, 4578, 4433, 5799, 6731, 
    5870, 4051, 2720, 2086, 1477, 375, -1201, -2647, -3290, -3176, -2912, 
    -2866, -2999, -3195, -3400, -3589, -3754, -3920, -4116, -4305, -4347, 
    -4036, -3314, -2527, -1922, -1082, 184, 1357, 2559, 4382, 6181, 7111, 
    7407, 6479, 3323, -409, -2263, -2421, -1661, 196, 2018, 2395, 2172, 2303, 
    2177, 1726, 1446, 732, -940, -2809, -4142, -4947, -5448, -5948, -6453, 
    -6341, -5260, -3733, -2317, -1131, -319, 50, 364, 1034, 2115, 3521, 4996, 
    5927, 5626, 3825, 1102, -1153, -2135, -3141,
  -5537, -9318, -12781, -13732, -13727, -13797, -11394, -6179, -1578, 1811, 
    5446, 8111, 10184, 14665, 19556, 20225, 18071, 16637, 15206, 12637, 
    10005, 7770, 5742, 4249, 3155, 1991, 777, -505, -2133, -4156, -6426, 
    -8852, -11073, -12640, -14327, -17018, -18236, -14649, -8548, -4817, 
    -3411, -2400, -2940, -4662, -3971, -524, 2628, 4698, 6185, 6189, 5216, 
    5496, 6905, 7624, 7859, 8578, 8856, 7690, 5921, 4581, 3257, 946, -2005, 
    -3434, -2551, -2637, -6357, -10179, -9566, -6728, -6344, -7755, -7789, 
    -6313, -4354, -1763, 1034, 3148, 4729, 5603, 5094, 4422, 5659, 8160, 
    9403, 8545, 6694, 4834, 3158, 1672, 343, -1045, -2528, -3724, -4442, 
    -5169, -6469, -7949, -8200, -6617, -4758, -3942, -2791, 90, 3452, 5688, 
    6614, 6388, 5558, 5020, 4694, 4362, 4541, 4726, 3763, 2190, 1147, 504, 
    -19, -300, -714, -1612, -2505, -2639, -1969, -1495, -2155, -3309, -3728, 
    -3530, -3463, -3469, -3292, -3164, -3297, -3586, -3776, -3522, -2512, 
    -765, 1222, 2773, 3617, 3874, 3521, 2687, 2138, 2238, 1993, 724, -373, 
    -95, 900, 1588, 2074, 2636, 3208, 4100, 5601, 6952, 6933, 5476, 4133, 
    4510, 6183, 7045, 6061, 4307, 2910, 1813, 811, -140, -1393, -2825, -3569, 
    -3401, -3016, -2795, -2625, -2557, -2743, -3060, -3242, -3242, -3193, 
    -3057, -2802, -2646, -2586, -2313, -1772, -1031, -129, 831, 2294, 4587, 
    6441, 6774, 6279, 4836, 1573, -1866, -3562, -4113, -3275, -56, 3082, 
    3512, 2863, 2833, 2518, 1858, 1721, 1573, 714, -583, -1985, -3140, -3705, 
    -4037, -4604, -5092, -4932, -4079, -2924, -1815, -810, 135, 1002, 1862, 
    2864, 3781, 4044, 3558, 2715, 1405, -717, -2901, -3857, -3992,
  -5400, -8123, -12058, -14006, -13838, -13608, -12015, -7499, -2684, 1005, 
    4818, 7624, 9531, 14020, 19401, 20306, 17953, 16413, 15012, 12483, 9943, 
    7812, 5933, 4570, 3423, 2149, 885, -424, -1923, -3648, -5625, -7787, 
    -9954, -11651, -12928, -14987, -17474, -17230, -12876, -7222, -3472, 
    -2457, -3299, -4363, -4257, -2295, 1594, 5899, 7941, 7100, 5742, 5862, 
    6765, 7046, 7190, 8154, 8730, 7503, 5611, 4359, 2996, 915, -1389, -3358, 
    -4095, -3841, -5349, -9136, -10942, -8867, -6863, -7353, -7736, -6104, 
    -3584, -1039, 1582, 3891, 5425, 5854, 5174, 4836, 6524, 9218, 10175, 
    8741, 6595, 4815, 3115, 1504, 353, -849, -2695, -4544, -5624, -6239, 
    -7122, -8511, -9434, -8488, -6385, -4911, -3312, -225, 3044, 5240, 6697, 
    6957, 5966, 5247, 4878, 4063, 3814, 4362, 3947, 2510, 1560, 1069, 378, 
    -221, -555, -975, -1650, -2390, -2844, -3104, -3698, -4491, -4814, -4640, 
    -4282, -3657, -2741, -1906, -1523, -1583, -1712, -1519, -856, 230, 1522, 
    2636, 3252, 3348, 3112, 2630, 1989, 1582, 1511, 1236, 719, 724, 1335, 
    1838, 2137, 2727, 3737, 5004, 6315, 7024, 6457, 5049, 4185, 4634, 5765, 
    6303, 5597, 4090, 2583, 1448, 687, -30, -1176, -2420, -2816, -2410, 
    -2135, -2231, -2182, -1844, -1722, -2136, -2597, -2581, -2448, -2555, 
    -2559, -2353, -2160, -1804, -1147, -302, 819, 2268, 4088, 6100, 7061, 
    6291, 4972, 3180, -90, -3284, -4772, -5385, -4173, 190, 3994, 4019, 2917, 
    2822, 2454, 1753, 1587, 1481, 1131, 603, -324, -1228, -1624, -1883, 
    -2224, -2461, -2538, -2257, -1457, -469, 392, 1182, 1955, 2543, 2847, 
    2971, 2826, 2114, 882, -693, -2631, -4476, -5290, -5046,
  -5537, -7065, -10565, -13473, -14016, -13544, -12207, -8589, -4087, -99, 
    3975, 6797, 8569, 13175, 18964, 20004, 17395, 15611, 14261, 12030, 9619, 
    7431, 5876, 5030, 3945, 2511, 1202, -195, -1695, -3175, -4854, -6667, 
    -8485, -10147, -11297, -12541, -14879, -17168, -16457, -11673, -5787, 
    -2593, -2294, -3070, -3991, -3167, 1230, 6542, 8752, 8154, 7142, 6765, 
    6996, 7031, 6849, 7681, 8351, 6493, 3942, 3324, 2815, 889, -786, -1998, 
    -3608, -4516, -4975, -7254, -10242, -10504, -8466, -7167, -6955, -6018, 
    -3751, -865, 1953, 4163, 5262, 5239, 4970, 5697, 7643, 9385, 9306, 7527, 
    5561, 4132, 2709, 1250, 308, -697, -2659, -4835, -6150, -6833, -7531, 
    -8736, -10150, -10128, -8264, -6144, -3758, -356, 2471, 3986, 5532, 6438, 
    5636, 4795, 4598, 3835, 3166, 3469, 3426, 2521, 1883, 1659, 1263, 720, 
    139, -512, -1125, -1627, -2112, -2927, -4267, -5508, -5873, -5307, -4048, 
    -2409, -977, -154, 89, 2, -70, 70, 403, 876, 1412, 1965, 2354, 2299, 
    2103, 2166, 1917, 1075, 641, 1056, 1491, 1571, 1746, 2228, 2926, 3878, 
    5089, 6286, 7016, 6823, 5743, 4635, 4177, 4096, 4293, 5026, 5404, 4239, 
    2286, 1155, 841, 253, -815, -1632, -1857, -1886, -2014, -2067, -1827, 
    -1403, -1414, -2360, -3494, -3681, -3200, -2836, -2303, -1232, -24, 977, 
    1670, 2180, 3094, 4504, 5776, 6561, 6394, 4967, 3213, 1253, -1754, -4450, 
    -5614, -6146, -4507, 571, 4258, 3497, 2327, 2761, 2568, 1784, 1525, 1346, 
    1225, 1131, 556, -9, -202, -482, -696, -617, -553, -401, 59, 597, 1025, 
    1326, 1664, 2168, 2507, 2482, 2164, 1188, -424, -2011, -3635, -5364, 
    -6221, -5848,
  -5667, -6573, -9051, -11981, -13484, -13450, -12250, -9252, -5328, -1401, 
    2824, 5712, 7506, 12271, 18272, 19343, 16603, 14635, 13245, 11200, 8850, 
    6694, 5636, 5303, 4204, 2731, 1626, 335, -1105, -2431, -3977, -5616, 
    -7117, -8547, -9649, -10373, -11492, -13878, -16551, -16213, -11417, 
    -5257, -1541, -1405, -2919, -1810, 3359, 8280, 9762, 9363, 8474, 7558, 
    7484, 7210, 6264, 7062, 8561, 6532, 2662, 1664, 2283, 1393, -39, -983, 
    -2326, -3662, -4287, -5548, -8318, -10598, -10231, -8236, -6884, -5867, 
    -3606, -634, 1641, 3187, 4217, 4708, 5455, 7062, 8630, 8895, 7647, 5774, 
    4390, 3550, 2388, 934, 71, -534, -1951, -3791, -5154, -6230, -7277, 
    -8435, -9966, -10866, -10062, -8186, -5290, -1110, 2319, 3840, 5008, 
    5684, 4650, 3495, 3644, 3743, 3044, 2499, 2313, 1861, 1122, 748, 1112, 
    1589, 1332, 460, -427, -1048, -1336, -1706, -2807, -4291, -5077, -4633, 
    -3133, -1238, 210, 877, 945, 780, 727, 734, 684, 724, 780, 777, 837, 720, 
    479, 724, 1172, 1050, 673, 725, 1095, 1460, 1975, 2872, 3894, 4763, 5679, 
    6557, 6659, 5649, 4315, 3724, 3623, 2964, 2382, 3339, 4746, 4274, 2321, 
    1026, 736, 399, -105, -378, -751, -1382, -1654, -1451, -1399, -1763, 
    -2469, -3437, -4196, -4203, -3543, -2661, -1761, -753, 467, 1811, 2928, 
    3597, 4217, 5086, 5740, 5882, 5364, 3803, 1694, -512, -3165, -5237, 
    -6042, -6535, -4798, 402, 3592, 2073, 1065, 2413, 2896, 2322, 1957, 1675, 
    1851, 2280, 2060, 1573, 1196, 723, 475, 451, 369, 509, 764, 897, 1296, 
    1832, 2137, 2508, 2770, 2436, 1669, 330, -1470, -2797, -4005, -5758, 
    -6693, -6137,
  -5558, -6272, -7872, -10031, -11835, -12638, -12138, -9863, -6590, -2806, 
    1598, 4501, 6341, 11412, 17453, 18143, 15223, 13412, 12169, 10148, 7743, 
    5773, 5265, 5332, 4359, 3031, 1972, 676, -515, -1470, -2682, -4048, 
    -5501, -6989, -8157, -8989, -9462, -10088, -12192, -14977, -15218, 
    -11445, -5802, -1755, -116, 1943, 5725, 8642, 9204, 8495, 7305, 6642, 
    7056, 6776, 5751, 6607, 8072, 6281, 2565, 911, 1200, 1210, 421, -720, 
    -1805, -2652, -3369, -4228, -6086, -9053, -10752, -9563, -7279, -5346, 
    -3142, -994, 348, 1589, 3104, 4511, 6081, 7716, 8410, 7657, 5910, 4333, 
    3839, 3602, 2291, 450, -571, -924, -1641, -2771, -3754, -4677, -5694, 
    -6748, -8171, -9643, -10088, -9220, -6817, -2740, 1246, 3524, 4678, 4899, 
    3569, 1898, 1761, 2752, 3098, 2374, 1476, 703, -120, -318, 666, 1772, 
    1748, 1057, 586, 58, -690, -1082, -1263, -1853, -2557, -2641, -1941, 
    -851, 218, 1087, 1497, 1350, 988, 550, 120, 118, 412, 510, 446, 215, 
    -261, -511, -204, 287, 450, 358, 609, 1333, 2197, 3253, 4367, 5011, 5237, 
    5363, 5187, 4462, 3713, 3748, 3957, 3042, 1794, 1872, 2770, 2915, 1972, 
    766, 151, 161, 379, 518, 164, -694, -1324, -1439, -1421, -1630, -2273, 
    -3004, -3311, -3304, -2933, -2177, -1783, -1595, -656, 686, 1791, 2879, 
    4007, 4960, 5426, 5182, 4357, 2762, 517, -1755, -4049, -5774, -6407, 
    -6643, -4926, -442, 2006, 810, 894, 2780, 3107, 2502, 2448, 2620, 3179, 
    3728, 3498, 2959, 2411, 1801, 1525, 1459, 1327, 1465, 1683, 1657, 1881, 
    2293, 2314, 2307, 2345, 1806, 1017, 167, -1290, -2888, -4334, -5999, 
    -6766, -6045,
  -5308, -5735, -6786, -8178, -9686, -11053, -11497, -10263, -7956, -4528, 
    -17, 2932, 5120, 10782, 16626, 16592, 13572, 12098, 10992, 8958, 6569, 
    4818, 4686, 5000, 4238, 3120, 2081, 895, 61, -570, -1371, -2152, -3275, 
    -4777, -6038, -7218, -8268, -8480, -8448, -9625, -11847, -12803, -10476, 
    -5897, -1509, 2325, 6047, 8452, 8315, 6460, 5152, 5589, 6248, 5695, 5527, 
    6857, 7259, 5051, 2157, 472, -114, -52, 53, -436, -1164, -1777, -2441, 
    -2891, -3804, -6683, -10045, -10584, -8306, -5571, -3412, -1792, -358, 
    1396, 3260, 4996, 6743, 7752, 7275, 5735, 3889, 2902, 3418, 3717, 2317, 
    383, -866, -1609, -2214, -2813, -3241, -3404, -3654, -4250, -5249, -6483, 
    -7310, -7240, -6032, -3642, -853, 1341, 2668, 3100, 2502, 1128, 150, 717, 
    2083, 2405, 1371, 224, -283, -332, 261, 1605, 2291, 1609, 1164, 1379, 
    848, -193, -643, -820, -1210, -1534, -1460, -918, -101, 674, 1042, 823, 
    340, -95, -375, -232, 252, 578, 567, 262, -291, -940, -1385, -1185, -412, 
    316, 868, 1416, 2057, 3068, 4284, 4987, 4789, 4130, 3840, 3788, 3583, 
    4016, 4661, 3848, 2321, 1514, 1127, 1168, 1356, 669, -245, -468, -404, 
    -170, 44, -358, -1077, -1524, -1554, -1535, -2223, -3164, -3200, -2554, 
    -1647, -864, -1155, -1317, 212, 1536, 1618, 2274, 3671, 4701, 4934, 4154, 
    2997, 1724, -268, -2520, -4465, -5916, -6680, -6950, -5332, -1580, 377, 
    184, 1670, 3515, 2970, 2245, 3018, 4130, 4784, 4710, 4131, 3681, 3325, 
    2851, 2451, 2218, 2021, 1881, 1908, 1946, 1910, 1875, 1699, 1610, 1736, 
    1391, 649, 4, -1276, -3264, -4893, -5968, -6341, -5777,
  -5038, -4975, -5537, -6390, -7383, -8754, -9895, -9874, -8815, -6151, 
    -1975, 1226, 4450, 10550, 15345, 14554, 12028, 10903, 9603, 7601, 5468, 
    3974, 4056, 4524, 4008, 3145, 2247, 1180, 378, -198, -709, -1078, -1700, 
    -2798, -4073, -5320, -6408, -7159, -7278, -6788, -6751, -7793, -8616, 
    -7822, -5268, -1282, 2987, 5368, 4949, 3739, 4124, 5317, 5231, 4620, 
    5342, 6614, 6416, 4400, 1919, 361, -221, -451, -379, -137, -335, -1088, 
    -1815, -2020, -2468, -4813, -8519, -10474, -9259, -6541, -3977, -1811, 
    201, 2122, 3737, 5056, 6072, 6078, 4949, 3654, 2781, 2767, 3579, 3549, 
    1975, 304, -852, -1807, -2464, -2982, -3289, -3021, -2640, -2658, -2969, 
    -3428, -3828, -3871, -3426, -2625, -1670, -580, 420, 989, 1173, 801, 
    -180, -640, 315, 1505, 1250, 185, -261, -754, -1062, 954, 3520, 3061, 
    1364, 1288, 1528, 931, 306, -129, -609, -1132, -1444, -1098, -268, 444, 
    763, 574, 53, -384, -596, -535, -187, 252, 555, 552, 284, -267, -1265, 
    -2098, -1810, -607, 577, 1454, 2397, 3339, 3852, 4165, 4210, 3652, 3407, 
    3483, 3167, 3865, 5135, 4352, 2868, 2438, 1550, 603, 591, 217, -446, 
    -722, -1029, -869, -247, -75, -149, -522, -1504, -2371, -2984, -3351, 
    -2782, -1670, -734, -389, -1182, -1417, 323, 1578, 1634, 2515, 3484, 
    3617, 3549, 2838, 1842, 1133, -283, -2337, -4240, -5687, -6687, -7596, 
    -6516, -2517, 210, 487, 1731, 3153, 2704, 2343, 3601, 5391, 6152, 5710, 
    5145, 4652, 4051, 3661, 3210, 2705, 2466, 2154, 1935, 1971, 1745, 1516, 
    1624, 1690, 1584, 1122, 167, -977, -2373, -3919, -5038, -5737, -6023, 
    -5626,
  -4386, -4038, -4208, -4771, -5377, -6311, -7544, -8431, -8683, -7389, 
    -4211, -546, 4090, 10032, 13249, 12154, 10447, 9450, 7991, 6240, 4399, 
    3140, 3338, 3874, 3728, 3286, 2576, 1507, 504, -60, -258, -534, -1004, 
    -1647, -2865, -4389, -5266, -5571, -5865, -5943, -5749, -5718, -5852, 
    -5743, -4871, -2976, -926, 29, 341, 1743, 3986, 4718, 4029, 4404, 5607, 
    5861, 5528, 4590, 2363, 432, -110, -464, -771, -436, -178, -477, -957, 
    -1451, -2132, -3586, -5906, -7608, -7381, -5706, -3514, -1265, 660, 2199, 
    3452, 4207, 4313, 3782, 2973, 2640, 2904, 3325, 3506, 2836, 1364, 7, 
    -913, -1640, -2408, -3215, -3374, -2693, -2046, -1819, -1797, -1868, 
    -1872, -1738, -1486, -1214, -1076, -785, -204, 180, 201, 104, -226, -830, 
    -776, 346, 771, -201, -739, -846, -1067, 563, 3160, 3068, 1090, 192, 368, 
    683, 740, 309, -249, -723, -1057, -848, -215, 395, 815, 758, 238, -270, 
    -620, -810, -748, -481, -85, 179, 72, -298, -985, -1893, -2160, -1239, 
    221, 1490, 2602, 3245, 3055, 3147, 3857, 4033, 4088, 4085, 3341, 3850, 
    5369, 4558, 3017, 2922, 1888, 89, -527, -775, -877, -787, -1147, -1156, 
    -803, -825, -637, -783, -1877, -2344, -1886, -1638, -1393, -1087, -1020, 
    -1038, -1427, -1527, -647, 16, 820, 2440, 2792, 2046, 2129, 2148, 1614, 
    968, -204, -1596, -3263, -5020, -6350, -8263, -8357, -3452, 1667, 2675, 
    2559, 2956, 2563, 2060, 3249, 5836, 7153, 6592, 5970, 5138, 3931, 3435, 
    3081, 2528, 2388, 2154, 1810, 1819, 1697, 1501, 1725, 1893, 1466, 707, 
    -108, -1245, -2520, -3221, -3740, -4728, -5355, -5015,
  -3991, -3434, -3090, -3304, -3720, -4327, -5211, -6076, -6834, -6811, 
    -5077, -1738, 2978, 7843, 10113, 9604, 8527, 7491, 6320, 4961, 3282, 
    2357, 2656, 3027, 3150, 3195, 2822, 1978, 867, 22, -178, -247, -523, 
    -943, -1829, -3284, -4584, -4983, -4675, -4550, -4980, -5351, -5097, 
    -4558, -4144, -3537, -2371, -797, 805, 2290, 3440, 3634, 3290, 3697, 
    4397, 4599, 5103, 5274, 3485, 940, -413, -763, -822, -826, -762, -552, 
    -605, -1134, -1753, -2482, -3436, -4063, -3925, -3171, -1966, -467, 891, 
    1866, 2454, 2577, 2477, 2444, 2428, 2594, 2977, 3125, 2857, 2257, 1294, 
    97, -937, -1727, -2707, -3489, -3059, -1952, -1356, -1204, -1174, -1184, 
    -1022, -814, -669, -482, -362, -310, -163, -46, -237, -589, -741, -971, 
    -1134, -322, 477, -115, -640, -208, 143, 729, 1698, 1829, 1223, 745, 600, 
    788, 902, 691, 423, 59, -262, -79, 406, 751, 873, 656, 190, -194, -489, 
    -721, -871, -1042, -1038, -794, -728, -871, -987, -1086, -1006, -429, 
    482, 1179, 1603, 1930, 2106, 2670, 3678, 4015, 3916, 3779, 3087, 3370, 
    4689, 4082, 2510, 2047, 941, -740, -1442, -1749, -1666, -1385, -1644, 
    -1557, -1182, -1324, -1293, -1181, -1395, -1193, -870, -842, -404, 13, 
    -146, -304, -696, -1267, -1239, -822, 256, 1712, 1835, 1433, 1743, 1761, 
    1650, 1271, -127, -1345, -2516, -4029, -5236, -7753, -9342, -4886, 1569, 
    3728, 3482, 3374, 2648, 1946, 3304, 6064, 6982, 5980, 5453, 5023, 4089, 
    3414, 2745, 2196, 2112, 1814, 1316, 1254, 1547, 1684, 1580, 1474, 980, 
    71, -504, -1100, -1982, -2319, -2628, -3680, -4442, -4373 ;
}
